[38;2;48;56;72m#[38;2;80;80;96m*[38;2;88;96;104m*[38;2;80;80;96m*[38;2;96;96;112m*[38;2;48;56;72m#[38;2;56;64;80m#[38;2;112;80;112m*[38;2;144;96;120m+[38;2;80;48;80m#[38;2;24;32;56m%[38;2;8;16;40m@[38;2;8;16;32m@[38;2;8;16;32m@[38;2;8;24;40m@[38;2;16;32;56m%[38;2;24;32;64m%[38;2;24;32;56m%[38;2;16;24;56m@[38;2;88;88;96m*[38;2;144;144;136m=[38;2;112;112;112m+[38;2;80;88;112m*[38;2;72;80;104m*[38;2;40;56;80m#[38;2;24;40;64m%[38;2;8;16;32m@[38;2;0;8;32m@[38;2;8;16;48m@[38;2;8;24;48m@[38;2;56;80;104m*[38;2;64;104;136m*[38;2;64;96;128m*[38;2;64;64;88m#[38;2;0;8;32m@[38;2;0;16;32m@[38;2;24;32;56m%[38;2;32;40;56m%[38;2;48;56;72m#[38;2;32;40;56m%[38;2;32;40;56m%[38;2;72;72;88m#[38;2;112;120;128m+[38;2;144;152;160m=[38;2;184;184;192m:[38;2;224;224;224m.[38;2;248;240;248m.[38;2;255;248;248m.[38;2;248;240;248m.[38;2;224;208;224m.[38;2;216;176;200m:[38;2;240;176;208m:[38;2;255;192;224m.[38;2;255;192;216m.[38;2;255;200;232m.[38;2;200;152;176m-[38;2;16;24;40m@[38;2;32;32;56m%[38;2;40;40;56m%[38;2;56;56;72m#[38;2;64;72;88m#[38;2;56;56;72m#[38;2;80;80;96m*[38;2;104;104;112m+[0m
[38;2;48;56;72m#[38;2;64;72;88m#[38;2;72;80;96m*[38;2;56;64;80m#[38;2;72;80;96m*[38;2;56;64;80m#[38;2;80;88;104m*[38;2;56;64;80m#[38;2;56;64;80m#[38;2;32;32;56m%[38;2;32;40;56m%[38;2;32;40;64m%[38;2;24;32;56m%[38;2;32;48;64m%[38;2;32;40;56m%[38;2;32;40;64m%[38;2;32;40;64m%[38;2;40;40;64m%[38;2;40;48;64m%[38;2;24;32;56m%[38;2;32;40;64m%[38;2;16;24;48m@[38;2;16;32;48m%[38;2;16;24;48m@[38;2;8;16;40m@[38;2;24;32;48m%[38;2;16;24;48m@[38;2;32;32;56m%[38;2;32;40;56m%[38;2;32;32;56m%[38;2;24;32;48m%[38;2;32;40;56m%[38;2;24;32;48m%[38;2;16;24;48m@[38;2;16;24;48m@[38;2;16;24;48m@[38;2;24;24;48m%[38;2;80;88;96m*[38;2;168;168;176m-[38;2;208;208;208m.[38;2;248;248;248m.[38;2;255;255;255m.[38;2;255;255;255m.[38;2;255;255;255m.[38;2;255;255;255m.[38;2;255;255;255m.[38;2;255;248;255m.[38;2;240;224;232m.[38;2;224;192;208m:[38;2;240;184;216m:[38;2;255;200;224m.[38;2;255;200;224m.[38;2;255;208;224m.[38;2;255;200;224m.[38;2;255;208;240m.[38;2;136;104;136m+[38;2;0;0;24m@[38;2;16;24;48m@[38;2;32;40;64m%[38;2;16;24;40m@[38;2;8;16;40m@[38;2;16;24;48m@[38;2;24;40;56m%[38;2;24;32;56m%[0m
[38;2;24;40;56m%[38;2;40;48;64m%[38;2;32;40;64m%[38;2;40;48;64m%[38;2;32;40;64m%[38;2;32;40;56m%[38;2;40;48;64m%[38;2;32;40;56m%[38;2;32;40;64m%[38;2;16;24;48m@[38;2;16;24;48m@[38;2;32;40;64m%[38;2;24;32;56m%[38;2;32;48;64m%[38;2;32;40;56m%[38;2;32;40;56m%[38;2;40;48;64m%[38;2;16;24;48m@[38;2;24;32;48m%[38;2;32;40;64m%[38;2;64;72;88m#[38;2;96;104;112m+[38;2;144;144;152m=[38;2;152;152;160m=[38;2;176;168;176m-[38;2;168;168;176m-[38;2;176;168;176m-[38;2;176;192;208m:[38;2;168;192;208m:[38;2;168;192;208m:[38;2;160;184;200m:[38;2;160;184;200m:[38;2;120;152;176m=[38;2;104;128;152m+[38;2;104;112;128m+[38;2;184;176;184m-[38;2;224;216;224m.[38;2;255;255;255m.[38;2;255;255;255m.[38;2;255;255;255m.[38;2;255;255;255m.[38;2;255;240;248m.[38;2;255;240;240m.[38;2;255;240;240m.[38;2;240;224;240m.[38;2;224;216;224m.[38;2;216;208;216m.[38;2;224;200;224m.[38;2;255;216;240m.[38;2;255;224;232m.[38;2;248;200;224m.[38;2;248;192;216m.[38;2;255;200;224m.[38;2;255;200;224m.[38;2;255;200;232m.[38;2;88;72;96m*[38;2;0;0;24m@[38;2;56;64;88m#[38;2;64;80;104m*[38;2;24;40;64m%[38;2;32;40;64m%[38;2;56;88;112m*[38;2;120;184;216m-[38;2;80;128;160m+[0m
[38;2;56;64;80m#[38;2;56;64;80m#[38;2;40;48;64m%[38;2;40;48;64m%[38;2;40;48;64m%[38;2;56;64;80m#[38;2;56;64;80m#[38;2;48;56;72m#[38;2;96;96;112m*[38;2;104;104;112m+[38;2;96;96;112m*[38;2;56;64;80m#[38;2;32;40;64m%[38;2;40;48;64m%[38;2;72;80;96m*[38;2;48;56;72m#[38;2;16;24;48m@[38;2;80;80;96m*[38;2;168;168;176m-[38;2;208;200;208m:[38;2;224;224;224m.[38;2;232;232;232m.[38;2;240;240;240m.[38;2;232;224;232m.[38;2;232;224;232m.[38;2;232;224;232m.[38;2;232;224;232m.[38;2;216;208;224m.[38;2;216;208;224m.[38;2;216;216;232m.[38;2;216;216;232m.[38;2;216;216;232m.[38;2;216;224;240m.[38;2;224;224;240m.[38;2;255;255;255m.[38;2;255;255;255m.[38;2;255;255;255m.[38;2;255;240;248m.[38;2;248;224;240m.[38;2;248;224;232m.[38;2;248;216;232m.[38;2;248;208;224m.[38;2;240;200;224m.[38;2;224;200;216m.[38;2;224;208;216m.[38;2;232;216;232m.[38;2;248;240;248m.[38;2;255;248;255m.[38;2;255;248;255m.[38;2;255;232;240m.[38;2;248;216;232m.[38;2;248;208;224m.[38;2;248;200;224m.[38;2;255;200;224m.[38;2;232;176;208m:[38;2;24;24;48m%[38;2;0;16;32m@[38;2;24;32;56m%[38;2;24;32;56m%[38;2;16;24;48m@[38;2;16;32;56m%[38;2;16;32;56m%[38;2;24;56;80m%[38;2;24;40;72m%[0m
[38;2;248;248;248m.[38;2;240;248;240m.[38;2;224;224;224m.[38;2;224;224;224m.[38;2;224;224;232m.[38;2;240;240;240m.[38;2;240;240;240m.[38;2;240;240;240m.[38;2;255;255;255m.[38;2;255;255;255m.[38;2;255;255;255m.[38;2;248;248;248m.[38;2;240;240;240m.[38;2;232;232;232m.[38;2;255;255;255m.[38;2;240;240;240m.[38;2;224;224;224m.[38;2;240;240;240m.[38;2;240;232;240m.[38;2;232;224;232m.[38;2;232;232;232m.[38;2;240;232;240m.[38;2;240;232;240m.[38;2;248;240;248m.[38;2;255;240;248m.[38;2;255;248;248m.[38;2;248;240;248m.[38;2;248;232;240m.[38;2;255;232;248m.[38;2;255;240;248m.[38;2;255;240;248m.[38;2;255;240;248m.[38;2;255;248;248m.[38;2;255;248;255m.[38;2;248;240;248m.[38;2;248;240;248m.[38;2;255;240;248m.[38;2;255;240;248m.[38;2;248;224;240m.[38;2;240;208;232m.[38;2;240;216;232m.[38;2;240;208;232m.[38;2;232;216;224m.[38;2;248;232;240m.[38;2;255;248;248m.[38;2;255;240;248m.[38;2;255;240;248m.[38;2;255;240;248m.[38;2;255;240;248m.[38;2;255;248;248m.[38;2;248;240;248m.[38;2;248;216;232m.[38;2;248;208;224m.[38;2;255;208;232m.[38;2;184;136;168m=[38;2;8;8;32m@[38;2;8;16;40m@[38;2;24;32;48m%[38;2;40;40;64m%[38;2;16;24;48m@[38;2;8;16;32m@[38;2;56;40;56m%[38;2;96;64;72m#[38;2;48;32;48m%[0m
[38;2;240;216;232m.[38;2;248;232;240m.[38;2;255;248;248m.[38;2;255;255;255m.[38;2;255;255;255m.[38;2;255;255;255m.[38;2;255;255;255m.[38;2;255;255;255m.[38;2;255;255;255m.[38;2;255;248;255m.[38;2;255;248;248m.[38;2;255;255;255m.[38;2;255;255;255m.[38;2;255;255;255m.[38;2;255;255;255m.[38;2;255;255;255m.[38;2;255;255;255m.[38;2;255;255;255m.[38;2;255;255;255m.[38;2;255;255;255m.[38;2;255;255;255m.[38;2;255;248;248m.[38;2;255;240;248m.[38;2;255;240;248m.[38;2;255;240;248m.[38;2;255;240;248m.[38;2;248;240;248m.[38;2;248;232;248m.[38;2;255;240;248m.[38;2;255;240;248m.[38;2;255;240;248m.[38;2;255;248;255m.[38;2;255;255;255m.[38;2;255;248;255m.[38;2;248;248;248m.[38;2;240;232;240m.[38;2;240;224;240m.[38;2;240;216;232m.[38;2;240;224;240m.[38;2;248;232;248m.[38;2;248;240;248m.[38;2;240;224;240m.[38;2;240;224;240m.[38;2;255;240;248m.[38;2;255;240;248m.[38;2;255;240;248m.[38;2;255;240;248m.[38;2;255;240;248m.[38;2;255;240;248m.[38;2;255;240;248m.[38;2;255;240;248m.[38;2;248;224;240m.[38;2;248;208;232m.[38;2;255;216;240m.[38;2;144;112;136m+[38;2;0;0;24m@[38;2;16;24;48m@[38;2;72;80;96m*[38;2;72;80;96m*[38;2;40;48;72m%[38;2;24;16;48m@[38;2;184;112;128m=[38;2;224;144;152m-[38;2;176;112;128m+[0m
[38;2;248;192;216m.[38;2;248;192;216m.[38;2;240;192;208m:[38;2;232;200;216m.[38;2;232;216;224m.[38;2;240;224;232m.[38;2;240;232;240m.[38;2;248;240;240m.[38;2;248;248;248m.[38;2;255;248;248m.[38;2;255;248;248m.[38;2;255;248;248m.[38;2;255;255;255m.[38;2;255;255;255m.[38;2;248;248;248m.[38;2;255;248;248m.[38;2;255;255;255m.[38;2;255;255;255m.[38;2;255;255;255m.[38;2;255;255;255m.[38;2;248;248;248m.[38;2;248;240;248m.[38;2;255;248;248m.[38;2;248;240;248m.[38;2;255;248;248m.[38;2;248;248;248m.[38;2;255;255;248m.[38;2;255;248;248m.[38;2;255;240;248m.[38;2;232;216;232m.[38;2;224;208;224m.[38;2;216;200;224m.[38;2;224;216;232m.[38;2;248;248;248m.[38;2;255;255;255m.[38;2;255;255;255m.[38;2;255;248;255m.[38;2;248;240;248m.[38;2;240;224;240m.[38;2;232;216;232m.[38;2;232;216;232m.[38;2;248;232;240m.[38;2;255;240;248m.[38;2;240;216;240m.[38;2;240;216;240m.[38;2;240;224;240m.[38;2;248;232;240m.[38;2;255;240;248m.[38;2;255;240;248m.[38;2;248;240;248m.[38;2;255;240;248m.[38;2;248;232;240m.[38;2;248;192;224m.[38;2;255;200;224m.[38;2;96;72;96m*[38;2;0;8;32m@[38;2;8;16;40m@[38;2;16;24;48m@[38;2;24;32;56m%[38;2;8;16;40m@[38;2;8;16;40m@[38;2;24;24;48m%[38;2;32;32;56m%[38;2;24;24;48m%[0m
[38;2;255;200;224m.[38;2;255;208;232m.[38;2;255;216;232m.[38;2;255;232;240m.[38;2;248;240;240m.[38;2;240;224;232m.[38;2;232;208;224m.[38;2;224;200;224m.[38;2;224;192;216m:[38;2;224;200;224m.[38;2;240;224;240m.[38;2;255;248;255m.[38;2;248;240;248m.[38;2;240;232;240m.[38;2;248;240;248m.[38;2;255;255;255m.[38;2;255;255;255m.[38;2;255;255;255m.[38;2;248;240;240m.[38;2;240;232;240m.[38;2;248;248;248m.[38;2;255;248;248m.[38;2;240;232;240m.[38;2;248;240;240m.[38;2;240;232;240m.[38;2;240;232;240m.[38;2;255;255;255m.[38;2;255;255;255m.[38;2;255;248;248m.[38;2;255;240;248m.[38;2;240;232;240m.[38;2;232;224;232m.[38;2;224;216;224m.[38;2;216;208;216m.[38;2;240;232;232m.[38;2;255;248;248m.[38;2;248;240;240m.[38;2;248;240;248m.[38;2;255;248;255m.[38;2;255;248;255m.[38;2;240;224;232m.[38;2;208;192;208m:[38;2;216;200;216m.[38;2;240;224;240m.[38;2;240;208;232m.[38;2;232;208;232m.[38;2;232;208;232m.[38;2;240;216;240m.[38;2;248;232;240m.[38;2;248;232;248m.[38;2;240;216;232m.[38;2;248;216;232m.[38;2;255;208;232m.[38;2;208;152;184m-[38;2;16;24;48m@[38;2;0;0;16m@[38;2;0;0;24m@[38;2;0;0;24m@[38;2;8;16;32m@[38;2;8;16;40m@[38;2;8;16;40m@[38;2;8;16;32m@[38;2;0;16;32m@[38;2;0;16;32m@[0m
[38;2;255;208;224m.[38;2;255;224;240m.[38;2;248;224;232m.[38;2;255;248;248m.[38;2;255;255;248m.[38;2;255;248;248m.[38;2;255;248;248m.[38;2;255;232;248m.[38;2;248;232;240m.[38;2;240;208;232m.[38;2;248;224;240m.[38;2;240;216;232m.[38;2;232;216;224m.[38;2;248;248;248m.[38;2;255;255;255m.[38;2;255;255;255m.[38;2;255;255;255m.[38;2;232;224;232m.[38;2;232;224;232m.[38;2;255;255;255m.[38;2;255;255;255m.[38;2;240;232;240m.[38;2;240;240;240m.[38;2;255;248;248m.[38;2;248;248;248m.[38;2;255;255;255m.[38;2;255;255;255m.[38;2;255;255;255m.[38;2;255;255;255m.[38;2;255;255;255m.[38;2;255;248;248m.[38;2;240;232;240m.[38;2;248;248;248m.[38;2;248;248;248m.[38;2;232;224;232m.[38;2;240;224;240m.[38;2;248;240;240m.[38;2;240;232;240m.[38;2;240;232;240m.[38;2;232;224;232m.[38;2;200;200;208m:[38;2;232;224;232m.[38;2;208;208;216m.[38;2;208;216;224m.[38;2;208;208;224m.[38;2;208;208;224m.[38;2;200;192;216m:[38;2;208;184;216m:[38;2;224;200;224m.[38;2;208;192;224m:[38;2;216;184;216m:[38;2;224;160;200m-[38;2;224;176;208m:[38;2;168;160;176m-[38;2;160;160;184m-[38;2;144;152;160m=[38;2;136;152;168m=[38;2;112;128;152m+[38;2;8;16;40m@[38;2;8;16;32m@[38;2;16;16;40m@[38;2;8;16;40m@[38;2;8;16;40m@[38;2;8;16;40m@[0m
[38;2;255;208;224m.[38;2;255;208;224m.[38;2;248;216;224m.[38;2;255;248;248m.[38;2;255;255;255m.[38;2;255;255;255m.[38;2;255;255;255m.[38;2;255;240;248m.[38;2;255;240;248m.[38;2;255;232;248m.[38;2;232;208;224m.[38;2;224;208;224m.[38;2;248;240;248m.[38;2;240;240;248m.[38;2;240;240;240m.[38;2;240;240;240m.[38;2;224;216;224m.[38;2;224;216;224m.[38;2;255;255;255m.[38;2;255;255;255m.[38;2;255;255;255m.[38;2;240;240;240m.[38;2;255;255;255m.[38;2;255;255;255m.[38;2;255;255;255m.[38;2;255;255;255m.[38;2;255;255;248m.[38;2;255;255;248m.[38;2;255;255;255m.[38;2;255;255;255m.[38;2;255;255;255m.[38;2;248;248;248m.[38;2;240;224;232m.[38;2;248;248;248m.[38;2;255;255;255m.[38;2;248;240;240m.[38;2;248;240;240m.[38;2;248;240;240m.[38;2;248;248;248m.[38;2;232;224;232m.[38;2;184;168;184m-[38;2;240;240;240m.[38;2;248;255;255m.[38;2;240;248;255m.[38;2;224;248;255m.[38;2;216;240;248m.[38;2;224;240;248m.[38;2;200;208;224m.[38;2;176;176;200m-[38;2;200;200;216m:[38;2;168;168;192m-[38;2;176;176;200m-[38;2;208;224;240m.[38;2;216;240;248m.[38;2;232;248;255m.[38;2;216;248;255m.[38;2;216;255;255m.[38;2;160;192;208m:[38;2;8;16;32m@[38;2;8;16;32m@[38;2;8;16;40m@[38;2;8;16;40m@[38;2;8;16;40m@[38;2;8;16;40m@[0m
[38;2;255;208;232m.[38;2;255;224;240m.[38;2;248;216;232m.[38;2;255;240;240m.[38;2;255;255;255m.[38;2;255;255;255m.[38;2;255;248;248m.[38;2;255;240;248m.[38;2;255;248;255m.[38;2;224;208;224m.[38;2;192;176;192m:[38;2;224;216;224m.[38;2;224;224;224m.[38;2;232;232;232m.[38;2;224;232;240m.[38;2;192;208;224m.[38;2;160;152;184m-[38;2;255;255;255m.[38;2;255;255;255m.[38;2;255;255;255m.[38;2;248;248;248m.[38;2;255;248;248m.[38;2;255;255;255m.[38;2;255;255;255m.[38;2;255;255;255m.[38;2;255;255;255m.[38;2;255;255;255m.[38;2;255;255;255m.[38;2;255;255;255m.[38;2;255;255;255m.[38;2;255;255;255m.[38;2;255;255;255m.[38;2;248;240;240m.[38;2;240;232;240m.[38;2;255;255;248m.[38;2;255;255;248m.[38;2;255;248;248m.[38;2;248;240;248m.[38;2;240;232;240m.[38;2;255;255;255m.[38;2;232;224;232m.[38;2;176;160;184m-[38;2;216;224;224m.[38;2;240;248;255m.[38;2;240;248;255m.[38;2;208;232;240m.[38;2;184;224;240m.[38;2;192;216;240m.[38;2;144;176;208m-[38;2;216;248;255m.[38;2;208;240;248m.[38;2;120;152;184m=[38;2;144;192;224m:[38;2;176;208;240m:[38;2;224;240;248m.[38;2;208;240;248m.[38;2;176;208;232m:[38;2;40;48;72m%[38;2;0;8;32m@[38;2;8;16;40m@[38;2;8;16;40m@[38;2;8;16;40m@[38;2;8;16;40m@[38;2;8;16;32m@[0m
[38;2;80;64;88m#[38;2;216;168;192m:[38;2;248;200;224m.[38;2;240;192;208m:[38;2;240;232;240m.[38;2;255;232;240m.[38;2;248;232;240m.[38;2;240;224;232m.[38;2;224;208;216m.[38;2;208;200;208m:[38;2;240;232;240m.[38;2;255;255;255m.[38;2;255;255;255m.[38;2;248;255;255m.[38;2;224;248;255m.[38;2;160;192;216m:[38;2;192;192;208m:[38;2;255;255;255m.[38;2;255;255;248m.[38;2;255;255;248m.[38;2;248;240;248m.[38;2;255;255;255m.[38;2;248;248;248m.[38;2;255;255;255m.[38;2;255;255;255m.[38;2;255;255;255m.[38;2;255;255;255m.[38;2;255;255;255m.[38;2;255;255;255m.[38;2;255;255;255m.[38;2;255;255;255m.[38;2;255;255;255m.[38;2;255;255;255m.[38;2;240;224;232m.[38;2;240;232;240m.[38;2;255;255;255m.[38;2;255;240;248m.[38;2;255;248;248m.[38;2;248;240;240m.[38;2;240;232;240m.[38;2;255;255;255m.[38;2;208;192;216m:[38;2;144;160;192m-[38;2;232;248;255m.[38;2;216;232;240m.[38;2;200;224;240m.[38;2;168;192;208m:[38;2;144;168;192m-[38;2;104;136;168m=[38;2;128;160;200m-[38;2;112;144;184m=[38;2;96;136;176m=[38;2;168;200;224m:[38;2;208;224;240m.[38;2;216;232;240m.[38;2;240;248;255m.[38;2;176;208;232m:[38;2;8;16;40m@[38;2;0;0;16m@[38;2;8;16;32m@[38;2;8;16;40m@[38;2;8;16;40m@[38;2;8;16;40m@[38;2;8;16;40m@[0m
[38;2;88;96;112m*[38;2;168;160;168m-[38;2;224;208;224m.[38;2;224;208;224m.[38;2;224;216;224m.[38;2;208;200;216m:[38;2;200;192;200m:[38;2;232;232;232m.[38;2;184;192;208m:[38;2;208;224;240m.[38;2;216;232;248m.[38;2;224;240;248m.[38;2;240;248;248m.[38;2;232;240;248m.[38;2;192;224;248m.[38;2;136;152;184m=[38;2;240;232;240m.[38;2;255;255;255m.[38;2;255;255;255m.[38;2;255;255;255m.[38;2;240;232;240m.[38;2;255;248;248m.[38;2;248;248;248m.[38;2;255;248;255m.[38;2;255;255;255m.[38;2;255;255;255m.[38;2;255;255;255m.[38;2;255;255;255m.[38;2;255;255;255m.[38;2;255;255;255m.[38;2;255;255;255m.[38;2;255;255;255m.[38;2;255;255;255m.[38;2;240;232;240m.[38;2;208;192;208m:[38;2;248;240;248m.[38;2;255;240;248m.[38;2;255;240;248m.[38;2;255;248;255m.[38;2;232;216;232m.[38;2;240;224;240m.[38;2;240;216;232m.[38;2;152;160;184m-[38;2;168;200;224m:[38;2;120;168;200m-[38;2;104;144;192m=[38;2;144;160;184m-[38;2;192;216;224m.[38;2;136;160;192m-[38;2;136;128;176m=[38;2;184;176;224m:[38;2;112;120;160m+[38;2;112;144;168m=[38;2;128;160;192m-[38;2;120;160;192m-[38;2;136;168;208m-[38;2;152;192;224m:[38;2;112;136;152m=[38;2;56;64;80m#[38;2;0;8;32m@[38;2;0;16;32m@[38;2;8;16;40m@[38;2;8;16;40m@[38;2;8;16;32m@[0m
[38;2;224;232;232m.[38;2;255;255;255m.[38;2;255;255;255m.[38;2;255;255;255m.[38;2;224;232;248m.[38;2;192;208;232m.[38;2;176;192;208m:[38;2;224;240;255m.[38;2;176;192;224m:[38;2;160;184;208m:[38;2;176;208;232m:[38;2;192;216;240m.[38;2;224;240;248m.[38;2;240;255;255m.[38;2;208;232;248m.[38;2;144;152;184m=[38;2;255;248;255m.[38;2;255;255;255m.[38;2;255;255;248m.[38;2;255;255;255m.[38;2;232;224;232m.[38;2;255;248;248m.[38;2;248;240;248m.[38;2;248;248;248m.[38;2;255;255;255m.[38;2;255;255;255m.[38;2;255;255;255m.[38;2;255;255;255m.[38;2;255;255;255m.[38;2;255;255;255m.[38;2;255;248;255m.[38;2;255;248;255m.[38;2;255;248;255m.[38;2;255;240;248m.[38;2;200;184;200m:[38;2;200;184;208m:[38;2;248;240;248m.[38;2;255;248;255m.[38;2;255;248;255m.[38;2;248;232;248m.[38;2;216;200;216m.[38;2;184;176;192m-[38;2;216;232;240m.[38;2;192;224;240m.[38;2;184;216;240m.[38;2;208;232;248m.[38;2;232;248;255m.[38;2;232;255;255m.[38;2;160;176;192m-[38;2;200;184;216m:[38;2;200;184;208m:[38;2;208;192;232m:[38;2;152;160;184m-[38;2;208;240;248m.[38;2;192;224;240m.[38;2;152;200;224m:[38;2;144;192;216m:[38;2;208;240;255m.[38;2;224;255;255m.[38;2;184;192;192m:[38;2;32;32;56m%[38;2;0;8;32m@[38;2;8;16;40m@[38;2;8;16;40m@[0m
[38;2;32;40;64m%[38;2;160;168;176m-[38;2;255;255;255m.[38;2;255;255;255m.[38;2;232;240;248m.[38;2;200;208;224m.[38;2;112;144;176m=[38;2;120;128;168m=[38;2;144;152;184m=[38;2;128;160;192m-[38;2;128;176;208m-[38;2;128;160;200m-[38;2;120;160;200m-[38;2;160;184;208m:[38;2;160;200;224m:[38;2;152;160;192m-[38;2;255;248;255m.[38;2;255;255;255m.[38;2;255;255;255m.[38;2;255;255;255m.[38;2;224;216;224m.[38;2;240;240;240m.[38;2;248;240;240m.[38;2;248;232;240m.[38;2;255;240;248m.[38;2;255;248;248m.[38;2;255;240;248m.[38;2;255;248;248m.[38;2;255;248;248m.[38;2;255;240;248m.[38;2;248;232;240m.[38;2;255;240;248m.[38;2;255;240;255m.[38;2;248;240;248m.[38;2;224;208;224m.[38;2;152;136;160m=[38;2;208;192;208m:[38;2;240;224;240m.[38;2;255;248;255m.[38;2;248;232;248m.[38;2;232;208;232m.[38;2;184;176;192m-[38;2;208;208;224m.[38;2;208;216;232m.[38;2;208;216;232m.[38;2;200;224;232m.[38;2;208;232;248m.[38;2;200;232;240m.[38;2;160;160;192m-[38;2;240;224;248m.[38;2;192;176;208m:[38;2;216;208;224m.[38;2;200;184;216m:[38;2;160;168;192m-[38;2;216;240;248m.[38;2;208;240;255m.[38;2;192;232;255m.[38;2;176;208;224m:[38;2;200;216;232m.[38;2;120;128;144m+[38;2;0;0;24m@[38;2;8;16;32m@[38;2;8;16;40m@[38;2;8;16;40m@[0m
[38;2;32;40;64m%[38;2;8;16;40m@[38;2;128;144;160m=[38;2;240;248;248m.[38;2;168;176;200m-[38;2;136;160;200m-[38;2;112;144;184m=[38;2;152;136;176m=[38;2;160;160;184m-[38;2;208;240;248m.[38;2;192;224;248m.[38;2;224;240;248m.[38;2;208;232;240m.[38;2;160;168;200m-[38;2;168;160;200m-[38;2;216;200;224m.[38;2;255;248;255m.[38;2;255;255;255m.[38;2;255;255;255m.[38;2;255;255;255m.[38;2;224;208;224m.[38;2;224;208;224m.[38;2;255;255;255m.[38;2;232;224;232m.[38;2;248;240;248m.[38;2;255;248;255m.[38;2;248;240;240m.[38;2;255;248;248m.[38;2;255;248;255m.[38;2;255;248;255m.[38;2;240;232;240m.[38;2;248;240;248m.[38;2;255;248;255m.[38;2;248;240;248m.[38;2;224;208;224m.[38;2;176;152;176m-[38;2;184;144;168m-[38;2;208;192;208m:[38;2;232;224;232m.[38;2;248;232;248m.[38;2;240;216;240m.[38;2;240;216;232m.[38;2;208;184;208m:[38;2;240;224;240m.[38;2;208;192;216m:[38;2;208;192;224m:[38;2;192;192;208m:[38;2;176;184;208m:[38;2;208;200;216m:[38;2;240;224;248m.[38;2;224;208;232m.[38;2;176;168;192m-[38;2;248;232;255m.[38;2;200;184;216m:[38;2;160;168;192m-[38;2;176;208;224m:[38;2;168;176;200m-[38;2;176;160;200m-[38;2;136;128;160m=[38;2;184;176;200m-[38;2;112;112;128m+[38;2;0;8;32m@[38;2;0;8;32m@[38;2;8;16;40m@[0m
[38;2;32;40;64m%[38;2;120;128;136m+[38;2;200;200;208m:[38;2;200;208;224m.[38;2;176;192;216m:[38;2;208;232;248m.[38;2;168;176;192m-[38;2;208;184;208m:[38;2;200;192;208m:[38;2;255;255;255m.[38;2;232;248;255m.[38;2;216;232;240m.[38;2;208;216;232m.[38;2;208;216;232m.[38;2;184;176;200m-[38;2;224;208;232m.[38;2;255;240;255m.[38;2;255;248;248m.[38;2;255;248;255m.[38;2;248;240;248m.[38;2;240;216;232m.[38;2;176;160;176m-[38;2;255;240;255m.[38;2;224;208;224m.[38;2;240;224;240m.[38;2;255;248;255m.[38;2;248;232;240m.[38;2;240;232;240m.[38;2;255;248;255m.[38;2;255;248;255m.[38;2;248;248;248m.[38;2;240;224;240m.[38;2;255;248;248m.[38;2;255;240;248m.[38;2;200;176;200m:[38;2;216;192;208m:[38;2;200;152;176m-[38;2;208;176;192m:[38;2;184;160;176m-[38;2;208;192;208m:[38;2;224;208;224m.[38;2;240;216;240m.[38;2;200;176;208m:[38;2;232;216;232m.[38;2;216;200;216m.[38;2;240;224;240m.[38;2;224;200;224m.[38;2;224;208;232m.[38;2;255;240;248m.[38;2;248;232;248m.[38;2;248;232;248m.[38;2;160;152;184m-[38;2;224;208;224m.[38;2;248;240;255m.[38;2;216;208;232m.[38;2;208;200;224m:[38;2;192;176;208m:[38;2;224;200;232m.[38;2;104;96;128m*[38;2;24;32;48m%[38;2;144;136;160m=[38;2;152;144;160m=[38;2;32;32;56m%[38;2;0;0;24m@[0m
[38;2;32;40;64m%[38;2;128;136;144m=[38;2;216;216;216m.[38;2;224;232;240m.[38;2;240;255;255m.[38;2;208;224;232m.[38;2;176;160;184m-[38;2;255;232;255m.[38;2;192;192;200m:[38;2;232;232;232m.[38;2;208;208;216m.[38;2;192;176;208m:[38;2;224;208;232m.[38;2;224;208;232m.[38;2;224;208;232m.[38;2;224;208;232m.[38;2;255;240;255m.[38;2;248;240;248m.[38;2;255;240;248m.[38;2;232;216;232m.[38;2;208;192;216m:[38;2;168;120;152m=[38;2;224;208;224m.[38;2;240;216;232m.[38;2;216;192;216m:[38;2;255;240;248m.[38;2;255;232;248m.[38;2;232;208;224m.[38;2;248;224;240m.[38;2;248;232;248m.[38;2;255;240;248m.[38;2;232;216;232m.[38;2;248;232;240m.[38;2;255;240;255m.[38;2;192;176;200m:[38;2;216;192;208m:[38;2;208;184;200m:[38;2;248;240;240m.[38;2;224;208;216m.[38;2;208;176;192m:[38;2;208;184;200m:[38;2;224;200;224m.[38;2;224;200;224m.[38;2;208;184;208m:[38;2;192;176;200m:[38;2;216;192;216m:[38;2;224;208;224m.[38;2;240;224;240m.[38;2;255;240;248m.[38;2;255;240;248m.[38;2;240;224;248m.[38;2;200;184;216m:[38;2;144;128;160m=[38;2;248;240;248m.[38;2;248;232;248m.[38;2;248;232;248m.[38;2;224;216;240m.[38;2;192;176;208m:[38;2;144;136;160m=[38;2;0;0;24m@[38;2;0;0;24m@[38;2;64;64;88m#[38;2;144;128;152m=[38;2;56;56;80m#[0m
[38;2;40;48;64m%[38;2;16;24;48m@[38;2;8;16;40m@[38;2;176;168;184m-[38;2;224;224;232m.[38;2;168;176;192m-[38;2;208;192;216m:[38;2;248;232;248m.[38;2;240;240;240m.[38;2;224;216;224m.[38;2;240;232;240m.[38;2;240;224;240m.[38;2;255;240;248m.[38;2;255;240;248m.[38;2;248;224;240m.[38;2;224;208;224m.[38;2;255;240;248m.[38;2;248;224;240m.[38;2;240;224;240m.[38;2;216;192;216m:[38;2;184;152;176m-[38;2;216;160;184m-[38;2;200;168;192m-[38;2;232;208;224m.[38;2;224;200;216m.[38;2;240;224;240m.[38;2;255;240;255m.[38;2;240;224;240m.[38;2;224;208;224m.[38;2;255;240;248m.[38;2;255;232;248m.[38;2;232;216;224m.[38;2;232;216;232m.[38;2;255;248;255m.[38;2;208;192;208m:[38;2;200;168;192m-[38;2;224;208;216m.[38;2;255;240;240m.[38;2;255;255;248m.[38;2;248;232;224m.[38;2;208;176;184m:[38;2;192;152;168m-[38;2;192;152;168m-[38;2;184;152;176m-[38;2;184;160;184m-[38;2;208;184;208m:[38;2;232;216;232m.[38;2;255;240;248m.[38;2;255;240;248m.[38;2;248;232;248m.[38;2;240;232;240m.[38;2;232;216;240m.[38;2;136;128;160m=[38;2;176;160;184m-[38;2;240;232;240m.[38;2;248;240;248m.[38;2;248;232;248m.[38;2;232;216;240m.[38;2;160;152;176m-[38;2;0;8;32m@[38;2;0;8;32m@[38;2;0;8;32m@[38;2;16;24;48m@[38;2;112;112;128m+[0m
[38;2;40;48;64m%[38;2;8;16;48m@[38;2;112;120;128m+[38;2;255;255;255m.[38;2;208;200;216m:[38;2;192;168;192m-[38;2;248;232;240m.[38;2;224;208;224m.[38;2;240;240;240m.[38;2;255;255;255m.[38;2;255;255;255m.[38;2;255;248;248m.[38;2;248;240;248m.[38;2;255;248;248m.[38;2;240;232;240m.[38;2;216;192;216m:[38;2;240;224;240m.[38;2;232;208;232m.[38;2;224;200;224m.[38;2;184;160;192m-[38;2;208;160;184m-[38;2;255;232;240m.[38;2;255;240;240m.[38;2;224;200;208m.[38;2;232;216;224m.[38;2;208;184;200m:[38;2;240;224;232m.[38;2;255;248;255m.[38;2;232;216;232m.[38;2;232;216;224m.[38;2;255;248;255m.[38;2;240;224;240m.[38;2;208;192;208m:[38;2;240;224;240m.[38;2;232;208;224m.[38;2;208;168;184m-[38;2;224;184;192m:[38;2;176;136;144m=[38;2;136;104;120m+[38;2;128;96;112m+[38;2;152;128;136m=[38;2;80;64;104m#[38;2;56;48;80m#[38;2;112;80;104m*[38;2;176;120;152m=[38;2;176;128;152m=[38;2;216;176;192m:[38;2;255;240;248m.[38;2;255;240;255m.[38;2;248;240;248m.[38;2;240;224;240m.[38;2;240;224;248m.[38;2;168;152;184m-[38;2;168;152;192m-[38;2;208;192;208m:[38;2;232;216;240m.[38;2;248;232;248m.[38;2;232;216;240m.[38;2;224;208;232m.[38;2;184;176;192m-[38;2;32;32;56m%[38;2;0;0;24m@[38;2;0;16;40m@[38;2;8;16;40m@[0m
[38;2;16;24;48m@[38;2;64;64;88m#[38;2;255;255;255m.[38;2;248;248;240m.[38;2;152;144;160m=[38;2;240;224;240m.[38;2;255;240;248m.[38;2;224;200;216m.[38;2;232;224;224m.[38;2;240;232;240m.[38;2;255;255;255m.[38;2;255;248;248m.[38;2;255;248;248m.[38;2;248;240;248m.[38;2;255;255;255m.[38;2;208;192;208m:[38;2;216;192;216m:[38;2;240;216;240m.[38;2;216;192;208m:[38;2;192;152;176m-[38;2;255;216;224m.[38;2;255;240;232m.[38;2;248;224;224m.[38;2;240;208;208m.[38;2;224;192;200m:[38;2;232;208;216m.[38;2;192;160;176m-[38;2;224;200;208m.[38;2;255;232;240m.[38;2;232;208;224m.[38;2;232;208;224m.[38;2;255;240;248m.[38;2;224;200;216m.[38;2;200;160;176m-[38;2;240;208;224m.[38;2;224;192;200m:[38;2;208;144;160m-[38;2;80;48;88m#[38;2;48;80;128m*[38;2;80;128;184m+[38;2;112;168;224m-[38;2;80;144;208m=[38;2;64;120;192m+[38;2;72;96;144m*[38;2;216;192;208m:[38;2;200;120;152m=[38;2;216;160;176m-[38;2;255;248;248m.[38;2;255;240;255m.[38;2;248;232;248m.[38;2;240;224;240m.[38;2;248;224;248m.[38;2;192;176;200m:[38;2;168;152;192m-[38;2;232;216;240m.[38;2;208;200;216m:[38;2;224;208;232m.[38;2;248;232;248m.[38;2;208;200;224m:[38;2;192;176;208m:[38;2;232;216;232m.[38;2;88;88;104m*[38;2;0;0;24m@[38;2;0;8;32m@[0m
[38;2;24;32;56m%[38;2;224;224;224m.[38;2;232;232;232m.[38;2;64;64;88m#[38;2;104;104;120m+[38;2;255;255;255m.[38;2;255;248;255m.[38;2;176;160;176m-[38;2;200;192;200m:[38;2;208;200;208m:[38;2;255;255;255m.[38;2;255;248;248m.[38;2;255;248;248m.[38;2;255;248;248m.[38;2;248;240;248m.[38;2;224;208;224m.[38;2;184;160;192m-[38;2;232;208;240m.[38;2;144;112;144m+[38;2;128;72;96m*[38;2;136;104;128m+[38;2;104;80;112m*[38;2;112;88;120m*[38;2;160;128;144m=[38;2;128;96;120m+[38;2;152;104;128m+[38;2;224;184;200m:[38;2;208;168;184m-[38;2;224;192;200m:[38;2;240;224;224m.[38;2;224;200;208m.[38;2;224;192;200m:[38;2;240;216;224m.[38;2;216;184;200m:[38;2;232;208;216m.[38;2;232;208;216m.[38;2;255;232;240m.[38;2;144;152;184m=[38;2;112;160;216m-[38;2;144;192;232m:[38;2;80;144;208m=[38;2;192;208;240m.[38;2;160;192;240m:[38;2;128;160;200m-[38;2;240;232;232m.[38;2;224;176;192m:[38;2;232;216;224m.[38;2;248;240;248m.[38;2;248;232;248m.[38;2;248;232;248m.[38;2;240;224;240m.[38;2;216;200;224m.[38;2;208;192;208m:[38;2;152;136;176m=[38;2;232;216;240m.[38;2;248;240;248m.[38;2;224;208;224m.[38;2;216;200;232m.[38;2;248;240;255m.[38;2;168;160;176m-[38;2;88;80;104m*[38;2;216;208;224m.[38;2;168;160;176m-[38;2;32;40;56m%[0m
[38;2;160;168;176m-[38;2;208;208;208m.[38;2;48;56;80m#[38;2;0;8;40m@[38;2;160;160;168m-[38;2;255;255;255m.[38;2;216;208;216m.[38;2;152;136;160m=[38;2;144;136;152m=[38;2;184;176;184m-[38;2;255;255;255m.[38;2;255;255;255m.[38;2;248;240;248m.[38;2;248;240;248m.[38;2;255;240;248m.[38;2;224;208;224m.[38;2;200;160;184m-[38;2;160;104;128m+[38;2;120;72;96m*[38;2;104;80;120m*[38;2;40;72;136m#[38;2;64;112;168m+[38;2;72;128;192m+[38;2;104;160;216m=[38;2;80;136;192m=[38;2;56;88;152m*[38;2;168;160;176m-[38;2;255;240;240m.[38;2;240;216;216m.[38;2;248;224;224m.[38;2;255;240;240m.[38;2;248;224;224m.[38;2;240;216;224m.[38;2;248;232;232m.[38;2;248;232;232m.[38;2;255;240;240m.[38;2;255;240;240m.[38;2;240;224;232m.[38;2;200;200;216m:[38;2;240;208;232m.[38;2;248;224;240m.[38;2;248;216;232m.[38;2;224;200;216m.[38;2;240;224;224m.[38;2;255;224;224m.[38;2;208;176;184m:[38;2;232;224;232m.[38;2;216;200;216m.[38;2;232;216;232m.[38;2;248;240;248m.[38;2;232;224;240m.[38;2;176;160;192m-[38;2;232;216;232m.[38;2;136;128;168m=[38;2;200;192;224m:[38;2;248;240;248m.[38;2;255;240;255m.[38;2;232;224;240m.[38;2;208;192;224m:[38;2;248;240;255m.[38;2;104;104;120m+[38;2;56;56;80m#[38;2;144;144;160m=[38;2;200;192;208m:[0m
[38;2;184;184;184m:[38;2;40;48;72m%[38;2;16;32;56m%[38;2;48;56;80m#[38;2;224;232;232m.[38;2;240;240;240m.[38;2;208;184;200m:[38;2;208;192;208m:[38;2;168;144;176m=[38;2;216;200;208m:[38;2;255;255;255m.[38;2;255;255;255m.[38;2;255;248;255m.[38;2;248;232;240m.[38;2;240;232;240m.[38;2;240;232;240m.[38;2;208;176;192m:[38;2;176;96;128m+[38;2;224;168;192m:[38;2;232;224;240m.[38;2;96;128;176m+[38;2;112;176;224m-[38;2;176;208;240m:[38;2;112;160;216m-[38;2;160;192;232m:[38;2;200;216;248m.[38;2;160;176;208m-[38;2;255;240;240m.[38;2;255;240;240m.[38;2;255;240;240m.[38;2;255;240;240m.[38;2;255;240;240m.[38;2;255;240;240m.[38;2;255;232;240m.[38;2;255;232;240m.[38;2;255;232;232m.[38;2;255;224;232m.[38;2;255;224;232m.[38;2;255;216;224m.[38;2;248;200;208m.[38;2;255;200;208m.[38;2;248;192;208m.[38;2;255;200;208m.[38;2;255;200;208m.[38;2;224;184;192m:[38;2;232;216;224m.[38;2;192;176;192m:[38;2;208;192;216m:[38;2;240;224;240m.[38;2;255;240;248m.[38;2;208;192;216m:[38;2;176;160;192m-[38;2;240;224;240m.[38;2;144;128;176m=[38;2;160;144;184m=[38;2;224;208;232m.[38;2;255;240;255m.[38;2;255;240;255m.[38;2;240;224;240m.[38;2;216;208;224m.[38;2;200;192;216m:[38;2;56;56;80m#[38;2;48;48;72m%[38;2;48;48;72m%[0m
[38;2;40;48;64m%[38;2;16;24;48m@[38;2;32;40;64m%[38;2;200;200;208m:[38;2;255;248;255m.[38;2;232;208;224m.[38;2;248;232;240m.[38;2;216;200;208m:[38;2;240;216;232m.[38;2;216;192;216m:[38;2;248;248;248m.[38;2;255;255;255m.[38;2;255;255;255m.[38;2;255;248;248m.[38;2;248;232;240m.[38;2;240;232;240m.[38;2;240;224;232m.[38;2;216;192;200m:[38;2;216;184;192m:[38;2;255;240;240m.[38;2;240;232;240m.[38;2;208;200;216m:[38;2;232;208;232m.[38;2;255;224;240m.[38;2;248;216;232m.[38;2;248;208;224m.[38;2;248;216;224m.[38;2;255;224;232m.[38;2;255;224;232m.[38;2;255;224;232m.[38;2;255;232;232m.[38;2;255;240;240m.[38;2;255;240;240m.[38;2;255;232;240m.[38;2;255;232;232m.[38;2;255;224;232m.[38;2;255;224;224m.[38;2;255;208;216m.[38;2;255;192;208m.[38;2;255;192;208m.[38;2;255;192;200m.[38;2;255;192;208m.[38;2;248;192;200m:[38;2;232;184;200m:[38;2;208;184;192m:[38;2;152;136;160m=[38;2;192;160;192m-[38;2;224;200;224m.[38;2;248;240;248m.[38;2;255;240;248m.[38;2;192;176;200m:[38;2;184;168;192m-[38;2;208;200;216m:[38;2;152;144;184m=[38;2;160;144;192m=[38;2;160;152;192m-[38;2;232;224;240m.[38;2;255;240;255m.[38;2;255;240;255m.[38;2;240;224;240m.[38;2;216;208;232m.[38;2;120;112;144m+[38;2;16;16;40m@[38;2;48;48;72m%[0m
[38;2;24;40;64m%[38;2;96;96;112m*[38;2;192;192;200m:[38;2;160;160;168m-[38;2;144;144;160m=[38;2;248;248;248m.[38;2;248;240;240m.[38;2;232;216;224m.[38;2;248;224;240m.[38;2;208;184;208m:[38;2;224;224;224m.[38;2;255;255;255m.[38;2;255;248;248m.[38;2;255;248;248m.[38;2;248;240;240m.[38;2;240;216;232m.[38;2;240;224;232m.[38;2;240;224;232m.[38;2;208;192;208m:[38;2;184;160;176m-[38;2;224;184;192m:[38;2;255;200;208m.[38;2;255;200;208m.[38;2;248;192;208m.[38;2;248;184;200m:[38;2;248;192;208m.[38;2;255;200;208m.[38;2;255;208;216m.[38;2;255;216;224m.[38;2;255;224;232m.[38;2;255;232;232m.[38;2;255;232;240m.[38;2;255;240;240m.[38;2;255;240;240m.[38;2;255;232;240m.[38;2;255;232;240m.[38;2;255;224;232m.[38;2;255;224;232m.[38;2;255;216;224m.[38;2;255;216;224m.[38;2;255;208;224m.[38;2;255;216;224m.[38;2;248;208;216m.[38;2;240;208;216m.[38;2;136;112;136m+[38;2;120;104;136m+[38;2;208;192;216m:[38;2;240;232;240m.[38;2;255;248;255m.[38;2;224;216;224m.[38;2;216;200;224m.[38;2;176;168;192m-[38;2;192;184;200m:[38;2;136;128;168m=[38;2;176;160;208m-[38;2;160;152;192m-[38;2;168;152;192m-[38;2;240;224;240m.[38;2;255;248;255m.[38;2;255;248;255m.[38;2;248;240;248m.[38;2;224;208;232m.[38;2;80;80;112m*[38;2;24;32;56m%[0m
[38;2;144;144;160m=[38;2;128;128;136m=[38;2;128;120;136m+[38;2;32;40;64m%[38;2;184;192;192m:[38;2;255;255;255m.[38;2;248;240;240m.[38;2;240;224;232m.[38;2;240;216;240m.[38;2;224;192;216m:[38;2;192;184;192m:[38;2;248;248;240m.[38;2;248;232;240m.[38;2;255;240;248m.[38;2;255;248;255m.[38;2;240;224;240m.[38;2;200;184;200m:[38;2;208;192;208m:[38;2;208;200;208m:[38;2;192;168;184m-[38;2;208;176;184m:[38;2;240;192;200m:[38;2;255;192;208m.[38;2;255;184;200m:[38;2;255;184;200m:[38;2;255;192;200m.[38;2;255;200;208m.[38;2;255;208;216m.[38;2;255;224;232m.[38;2;255;232;232m.[38;2;255;240;240m.[38;2;248;224;232m.[38;2;240;224;224m.[38;2;232;208;216m.[38;2;248;224;232m.[38;2;255;240;248m.[38;2;255;240;240m.[38;2;255;240;240m.[38;2;255;240;240m.[38;2;255;240;240m.[38;2;255;240;240m.[38;2;240;224;224m.[38;2;216;200;208m:[38;2;128;120;144m+[38;2;120;112;152m+[38;2;168;152;184m-[38;2;224;224;224m.[38;2;255;255;255m.[38;2;240;232;240m.[38;2;232;224;240m.[38;2;232;216;240m.[38;2;128;128;160m=[38;2;192;184;208m:[38;2;136;128;160m=[38;2;152;144;176m=[38;2;176;160;192m-[38;2;168;160;192m-[38;2;168;152;192m-[38;2;240;224;240m.[38;2;248;232;248m.[38;2;255;248;255m.[38;2;255;248;255m.[38;2;232;224;240m.[38;2;176;160;184m-[0m
[38;2;32;48;64m%[38;2;8;16;48m@[38;2;104;104;120m+[38;2;72;72;88m#[38;2;248;255;248m.[38;2;255;248;248m.[38;2;248;240;240m.[38;2;248;232;240m.[38;2;240;216;232m.[38;2;232;208;232m.[38;2;152;136;160m=[38;2;216;208;216m.[38;2;216;200;208m:[38;2;240;232;240m.[38;2;255;240;255m.[38;2;255;248;255m.[38;2;240;224;240m.[38;2;208;192;208m:[38;2;184;176;184m-[38;2;144;128;152m=[38;2;128;136;160m=[38;2;120;144;176m=[38;2;160;144;160m=[38;2;232;192;200m:[38;2;248;208;216m.[38;2;255;224;232m.[38;2;255;232;240m.[38;2;255;232;240m.[38;2;255;240;240m.[38;2;248;232;240m.[38;2;224;208;208m.[38;2;224;208;208m.[38;2;232;216;208m.[38;2;224;192;192m:[38;2;200;176;184m:[38;2;216;184;200m:[38;2;224;200;208m.[38;2;232;216;224m.[38;2;240;216;224m.[38;2;216;200;208m:[38;2;176;168;184m-[38;2;168;160;184m-[38;2;192;176;216m:[38;2;152;144;176m=[38;2;160;144;176m=[38;2;152;144;160m=[38;2;240;240;240m.[38;2;248;232;248m.[38;2;232;224;240m.[38;2;248;240;248m.[38;2;192;184;216m:[38;2;104;128;168m+[38;2;184;176;192m-[38;2;176;160;192m-[38;2;208;192;224m:[38;2;200;184;216m:[38;2;176;160;192m-[38;2;168;152;192m-[38;2;176;160;192m-[38;2;224;216;224m.[38;2;232;224;232m.[38;2;255;240;255m.[38;2;255;255;255m.[38;2;240;224;240m.[0m
[38;2;48;48;72m%[38;2;16;24;48m@[38;2;112;112;128m+[38;2;200;200;208m:[38;2;255;255;255m.[38;2;248;248;248m.[38;2;248;240;240m.[38;2;255;240;248m.[38;2;232;208;224m.[38;2;184;160;192m-[38;2;112;96;128m*[38;2;192;184;192m:[38;2;184;176;192m-[38;2;168;152;176m-[38;2;248;240;248m.[38;2;248;240;248m.[38;2;255;248;255m.[38;2;248;232;240m.[38;2;232;208;232m.[38;2;232;208;224m.[38;2;168;160;184m-[38;2;128;144;184m=[38;2;96;128;176m+[38;2;144;144;176m=[38;2;192;176;200m:[38;2;192;176;192m:[38;2;216;200;208m:[38;2;216;200;208m:[38;2;208;192;208m:[38;2;208;200;200m:[38;2;232;216;208m.[38;2;248;232;224m.[38;2;240;224;224m.[38;2;240;224;224m.[38;2;240;216;216m.[38;2;208;168;176m-[38;2;192;128;144m=[38;2;224;192;192m:[38;2;224;208;208m.[38;2;184;176;184m-[38;2;176;160;192m-[38;2;184;176;208m:[38;2;184;168;208m-[38;2;152;136;168m=[38;2;144;128;168m=[38;2;192;184;200m:[38;2;255;248;248m.[38;2;216;200;224m.[38;2;255;240;248m.[38;2;224;208;232m.[38;2;128;144;184m=[38;2;136;152;184m=[38;2;168;160;184m-[38;2;216;200;232m.[38;2;200;184;216m:[38;2;216;200;232m.[38;2;216;208;240m.[38;2;176;160;192m-[38;2;160;152;192m-[38;2;200;192;208m:[38;2;216;200;224m.[38;2;240;224;240m.[38;2;255;240;255m.[38;2;255;248;255m.[0m
[38;2;72;72;88m#[38;2;136;136;144m=[38;2;120;120;136m+[38;2;224;224;224m.[38;2;255;255;255m.[38;2;255;248;248m.[38;2;255;240;248m.[38;2;248;232;248m.[38;2;200;176;200m:[38;2;144;128;152m=[38;2;224;192;224m:[38;2;208;184;208m:[38;2;192;192;200m:[38;2;160;136;176m=[38;2;200;184;200m:[38;2;248;232;240m.[38;2;248;232;248m.[38;2;255;248;255m.[38;2;248;232;248m.[38;2;232;208;232m.[38;2;216;192;216m:[38;2;192;160;192m-[38;2;160;160;192m-[38;2;104;152;192m=[38;2;152;160;200m-[38;2;184;160;200m-[38;2;176;160;192m-[38;2;200;176;216m:[38;2;152;144;160m=[38;2;240;240;232m.[38;2;255;248;240m.[38;2;240;232;224m.[38;2;232;216;216m.[38;2;240;232;224m.[38;2;240;232;224m.[38;2;232;216;216m.[38;2;216;184;184m:[38;2;216;176;184m:[38;2;240;216;216m.[38;2;240;224;224m.[38;2;232;216;216m.[38;2;200;184;192m:[38;2;160;144;168m=[38;2;176;160;200m-[38;2;168;152;192m-[38;2;232;224;232m.[38;2;224;216;232m.[38;2;232;216;240m.[38;2;255;240;248m.[38;2;144;144;176m=[38;2;136;152;200m=[38;2;160;152;168m-[38;2;216;200;216m.[38;2;240;224;240m.[38;2;224;216;224m.[38;2;224;208;232m.[38;2;216;200;232m.[38;2;216;200;232m.[38;2;152;144;176m=[38;2;176;160;192m-[38;2;200;192;208m:[38;2;176;160;192m-[38;2;240;224;248m.[38;2;248;240;248m.[0m
[38;2;128;136;144m=[38;2;48;48;72m%[38;2;152;152;160m=[38;2;255;255;255m.[38;2;255;248;248m.[38;2;255;240;248m.[38;2;255;240;248m.[38;2;224;192;216m:[38;2;160;136;160m=[38;2;200;176;200m:[38;2;248;224;248m.[38;2;224;208;232m.[38;2;192;184;192m:[38;2;184;160;184m-[38;2;200;160;200m-[38;2;192;184;200m:[38;2;248;248;248m.[38;2;240;224;232m.[38;2;248;240;240m.[38;2;248;240;248m.[38;2;224;200;224m.[38;2;184;168;192m-[38;2;176;152;176m-[38;2;144;160;184m-[38;2;112;160;192m=[38;2;168;160;200m-[38;2;192;176;208m:[38;2;192;176;208m:[38;2;168;152;176m-[38;2;240;240;240m.[38;2;255;255;248m.[38;2;248;248;240m.[38;2;255;255;240m.[38;2;232;224;224m.[38;2;232;216;216m.[38;2;248;248;240m.[38;2;232;208;208m.[38;2;208;160;176m-[38;2;248;224;224m.[38;2;248;224;224m.[38;2;248;224;224m.[38;2;255;240;240m.[38;2;208;192;200m:[38;2;168;152;184m-[38;2;184;168;192m-[38;2;240;232;232m.[38;2;216;200;224m.[38;2;248;232;248m.[38;2;168;168;192m-[38;2;104;136;184m=[38;2;160;160;176m-[38;2;184;176;192m-[38;2;248;232;248m.[38;2;248;240;248m.[38;2;255;248;255m.[38;2;240;224;240m.[38;2;216;200;232m.[38;2;224;208;240m.[38;2;200;184;216m:[38;2;144;128;168m=[38;2;192;184;200m:[38;2;168;152;184m-[38;2;192;176;208m:[38;2;216;200;224m.[0m
[38;2;32;32;56m%[38;2;112;112;128m+[38;2;255;255;255m.[38;2;255;248;248m.[38;2;255;240;248m.[38;2;255;240;248m.[38;2;224;200;224m.[38;2;160;144;176m=[38;2;160;144;168m=[38;2;248;232;240m.[38;2;255;255;248m.[38;2;255;255;255m.[38;2;232;232;232m.[38;2;168;160;168m-[38;2;208;184;208m:[38;2;216;184;216m:[38;2;200;184;200m:[38;2;248;248;248m.[38;2;184;176;192m-[38;2;216;208;224m.[38;2;248;240;248m.[38;2;224;200;232m.[38;2;160;144;176m=[38;2;160;144;168m=[38;2;120;160;192m-[38;2;120;160;192m-[38;2;184;168;208m-[38;2;208;192;224m:[38;2;168;160;192m-[38;2;208;200;200m:[38;2;255;248;248m.[38;2;255;240;240m.[38;2;255;248;240m.[38;2;248;248;240m.[38;2;255;255;248m.[38;2;224;200;200m.[38;2;192;136;152m=[38;2;240;208;216m.[38;2;240;224;224m.[38;2;240;224;224m.[38;2;248;224;224m.[38;2;255;240;240m.[38;2;200;176;192m:[38;2;176;160;192m-[38;2;184;176;200m-[38;2;232;216;232m.[38;2;232;224;240m.[38;2;184;176;192m-[38;2;112;136;176m=[38;2;144;144;176m=[38;2;160;144;168m=[38;2;232;216;240m.[38;2;232;216;240m.[38;2;232;216;240m.[38;2;232;224;240m.[38;2;240;224;240m.[38;2;224;208;232m.[38;2;232;216;240m.[38;2;255;248;255m.[38;2;208;192;216m:[38;2;176;160;184m-[38;2;192;184;208m:[38;2;232;216;240m.[38;2;192;176;200m:[0m
[38;2;72;80;96m*[38;2;248;248;248m.[38;2;255;248;255m.[38;2;255;240;248m.[38;2;255;240;248m.[38;2;224;200;224m.[38;2;176;152;184m-[38;2;160;144;168m=[38;2;192;176;192m:[38;2;255;255;255m.[38;2;255;255;255m.[38;2;255;255;248m.[38;2;255;255;255m.[38;2;224;224;224m.[38;2;176;168;176m-[38;2;216;192;216m:[38;2;224;192;216m:[38;2;208;200;208m:[38;2;232;232;232m.[38;2;168;144;184m=[38;2;200;184;208m:[38;2;232;208;232m.[38;2;208;192;224m:[38;2;168;144;176m=[38;2;176;160;192m-[38;2;136;168;200m-[38;2;176;168;200m-[38;2;208;192;224m:[38;2;200;184;224m:[38;2;176;168;192m-[38;2;248;232;232m.[38;2;255;232;232m.[38;2;255;232;232m.[38;2;255;232;232m.[38;2;255;240;240m.[38;2;224;200;208m.[38;2;200;160;168m-[38;2;240;216;216m.[38;2;248;224;232m.[38;2;240;224;224m.[38;2;248;232;240m.[38;2;248;224;224m.[38;2;176;152;176m-[38;2;208;192;224m:[38;2;168;160;192m-[38;2;216;200;232m.[38;2;232;224;232m.[38;2;152;144;176m=[38;2;160;160;192m-[38;2;168;152;176m-[38;2;176;160;200m-[38;2;224;216;240m.[38;2;224;208;232m.[38;2;240;224;240m.[38;2;248;240;248m.[38;2;248;232;248m.[38;2;240;232;240m.[38;2;255;240;255m.[38;2;255;240;255m.[38;2;240;232;240m.[38;2;184;168;192m-[38;2;184;168;192m-[38;2;255;248;255m.[38;2;248;232;248m.[0m
[38;2;240;240;240m.[38;2;255;248;255m.[38;2;255;232;248m.[38;2;255;240;248m.[38;2;224;208;224m.[38;2;192;176;200m:[38;2;192;176;208m:[38;2;160;152;168m-[38;2;216;216;216m.[38;2;232;232;232m.[38;2;255;255;255m.[38;2;255;255;255m.[38;2;255;248;248m.[38;2;248;240;248m.[38;2;232;224;232m.[38;2;192;176;192m:[38;2;240;240;240m.[38;2;208;200;208m:[38;2;216;216;216m.[38;2;224;208;224m.[38;2;192;168;208m-[38;2;144;128;160m=[38;2;208;192;216m:[38;2;208;184;208m:[38;2;216;192;208m:[38;2;160;176;192m-[38;2;176;192;208m:[38;2;248;232;240m.[38;2;232;216;232m.[38;2;160;144;176m=[38;2;200;168;184m-[38;2;248;232;232m.[38;2;255;232;240m.[38;2;255;232;240m.[38;2;255;232;240m.[38;2;255;248;248m.[38;2;208;168;176m-[38;2;192;128;144m=[38;2;255;232;232m.[38;2;255;240;240m.[38;2;255;240;248m.[38;2;192;176;192m:[38;2;192;184;216m:[38;2;216;200;232m.[38;2;184;168;200m-[38;2;192;176;208m:[38;2;168;152;176m-[38;2;144;160;192m-[38;2;152;168;200m-[38;2;200;184;200m:[38;2;176;168;192m-[38;2;240;224;240m.[38;2;248;232;240m.[38;2;240;232;240m.[38;2;232;216;240m.[38;2;224;216;240m.[38;2;240;224;240m.[38;2;255;240;248m.[38;2;255;240;255m.[38;2;240;224;240m.[38;2;184;168;192m-[38;2;184;168;192m-[38;2;248;232;248m.[38;2;255;240;248m.[0m
[38;2;248;232;248m.[38;2;255;232;248m.[38;2;240;224;240m.[38;2;224;208;224m.[38;2;224;200;224m.[38;2;200;176;208m:[38;2;176;160;184m-[38;2;192;176;192m:[38;2;240;240;240m.[38;2;240;240;240m.[38;2;232;224;232m.[38;2;248;248;248m.[38;2;255;255;255m.[38;2;248;248;248m.[38;2;248;232;248m.[38;2;232;216;232m.[38;2;208;208;208m.[38;2;240;232;232m.[38;2;200;192;200m:[38;2;192;184;200m:[38;2;232;216;240m.[38;2;192;176;208m:[38;2;160;144;176m=[38;2;184;160;192m-[38;2;240;224;232m.[38;2;200;200;208m:[38;2;160;176;192m-[38;2;232;224;232m.[38;2;208;200;208m:[38;2;208;200;208m:[38;2;232;208;224m.[38;2;232;208;224m.[38;2;224;208;216m.[38;2;240;224;224m.[38;2;255;224;232m.[38;2;255;232;240m.[38;2;216;184;192m:[38;2;224;200;208m.[38;2;255;248;248m.[38;2;255;232;240m.[38;2;208;184;192m:[38;2;160;144;176m=[38;2;224;208;240m.[38;2;248;232;248m.[38;2;224;208;224m.[38;2;152;144;168m=[38;2;168;152;192m-[38;2;144;144;168m=[38;2;160;160;192m-[38;2;176;160;184m-[38;2;224;208;232m.[38;2;224;208;232m.[38;2;216;200;224m.[38;2;200;184;216m:[38;2;200;192;224m:[38;2;224;208;232m.[38;2;240;232;248m.[38;2;255;240;255m.[38;2;255;248;255m.[38;2;216;200;208m:[38;2;160;144;168m=[38;2;184;160;200m-[38;2;240;224;248m.[38;2;240;216;240m.[0m
[38;2;248;232;240m.[38;2;232;208;232m.[38;2;216;192;216m:[38;2;248;224;248m.[38;2;192;176;200m:[38;2;88;80;112m*[38;2;232;208;232m.[38;2;200;184;208m:[38;2;216;216;216m.[38;2;255;255;255m.[38;2;240;240;240m.[38;2;224;224;224m.[38;2;240;232;240m.[38;2;255;248;248m.[38;2;255;255;248m.[38;2;240;232;240m.[38;2;224;216;224m.[38;2;216;200;216m.[38;2;208;192;208m:[38;2;160;144;168m=[38;2;232;208;232m.[38;2;248;232;248m.[38;2;184;168;200m-[38;2;152;128;176m=[38;2;184;168;192m-[38;2;208;208;216m.[38;2;184;200;208m:[38;2;176;168;192m-[38;2;208;200;208m:[38;2;248;240;240m.[38;2;255;248;255m.[38;2;248;240;248m.[38;2;240;224;240m.[38;2;224;208;216m.[38;2;216;192;216m:[38;2;224;200;216m.[38;2;160;136;168m=[38;2;200;160;184m-[38;2;232;208;224m.[38;2;224;200;216m.[38;2;224;208;224m.[38;2;152;144;176m=[38;2;160;168;192m-[38;2;224;216;232m.[38;2;240;224;232m.[38;2;144;136;160m=[38;2;176;168;208m-[38;2;120;144;168m=[38;2;168;160;176m-[38;2;176;160;192m-[38;2;200;184;216m:[38;2;200;184;216m:[38;2;208;192;216m:[38;2;224;208;232m.[38;2;232;224;240m.[38;2;232;216;240m.[38;2;248;240;248m.[38;2;255;248;255m.[38;2;224;216;224m.[38;2;184;176;192m-[38;2;176;160;192m-[38;2;152;136;176m=[38;2;248;224;248m.[38;2;240;224;240m.[0m
[38;2;224;200;224m.[38;2;200;176;208m:[38;2;248;224;248m.[38;2;184;168;192m-[38;2;8;8;40m@[38;2;144;136;160m=[38;2;255;224;248m.[38;2;224;208;224m.[38;2;184;184;192m:[38;2;255;255;255m.[38;2;255;255;255m.[38;2;255;255;248m.[38;2;240;232;232m.[38;2;240;224;240m.[38;2;240;224;240m.[38;2;248;240;248m.[38;2;248;240;248m.[38;2;232;216;232m.[38;2;184;168;192m-[38;2;160;144;176m=[38;2;216;200;216m.[38;2;240;224;240m.[38;2;216;208;232m.[38;2;176;160;192m-[38;2;136;128;160m=[38;2;160;168;176m-[38;2;208;216;216m.[38;2;224;224;224m.[38;2;255;255;255m.[38;2;255;240;248m.[38;2;255;240;240m.[38;2;240;224;240m.[38;2;240;224;248m.[38;2;248;240;255m.[38;2;248;232;248m.[38;2;208;200;232m:[38;2;152;144;184m=[38;2;200;192;224m:[38;2;216;200;224m.[38;2;224;216;240m.[38;2;232;224;240m.[38;2;160;152;184m-[38;2;88;128;168m+[38;2;96;136;176m=[38;2;104;120;160m+[38;2;168;168;184m-[38;2;144;144;176m=[38;2;120;160;200m-[38;2;136;136;160m=[38;2;192;176;200m:[38;2;232;224;240m.[38;2;248;240;248m.[38;2;255;248;255m.[38;2;240;224;240m.[38;2;224;208;232m.[38;2;232;216;240m.[38;2;255;240;248m.[38;2;240;232;240m.[38;2;208;200;216m:[38;2;216;200;232m.[38;2;224;216;240m.[38;2;72;72;104m#[38;2;192;176;208m:[38;2;255;224;248m.[0m
[38;2;192;176;200m:[38;2;232;208;232m.[38;2;144;136;160m=[38;2;16;24;48m@[38;2;32;40;64m%[38;2;224;208;224m.[38;2;240;208;232m.[38;2;248;224;248m.[38;2;176;168;184m-[38;2;240;240;240m.[38;2;255;255;255m.[38;2;255;255;248m.[38;2;255;255;255m.[38;2;255;255;255m.[38;2;248;232;248m.[38;2;232;216;232m.[38;2;224;208;232m.[38;2;208;192;216m:[38;2;224;200;224m.[38;2;208;192;216m:[38;2;200;184;208m:[38;2;240;216;240m.[38;2;232;216;240m.[38;2;160;144;176m=[38;2;152;144;168m=[38;2;240;248;240m.[38;2;255;255;255m.[38;2;255;255;255m.[38;2;255;255;255m.[38;2;255;255;255m.[38;2;255;240;248m.[38;2;255;232;248m.[38;2;248;232;248m.[38;2;248;240;248m.[38;2;248;240;248m.[38;2;224;216;240m.[38;2;152;136;176m=[38;2;232;216;240m.[38;2;248;232;248m.[38;2;240;224;248m.[38;2;240;232;248m.[38;2;224;208;240m.[38;2;184;176;216m:[38;2;136;144;184m=[38;2;128;144;176m=[38;2;152;160;184m-[38;2;152;144;176m=[38;2;136;144;184m=[38;2;232;224;240m.[38;2;232;216;224m.[38;2;232;216;232m.[38;2;240;224;240m.[38;2;232;216;232m.[38;2;224;216;232m.[38;2;248;240;248m.[38;2;255;248;255m.[38;2;255;248;255m.[38;2;248;232;248m.[38;2;240;224;248m.[38;2;240;232;248m.[38;2;255;248;255m.[38;2;96;96;120m*[38;2;80;80;112m*[38;2;240;216;240m.[0m
[38;2;184;168;192m-[38;2;96;96;112m*[38;2;24;40;56m%[38;2;8;24;48m@[38;2;136;136;144m=[38;2;240;216;240m.[38;2;240;208;232m.[38;2;240;216;240m.[38;2;160;144;168m=[38;2;216;216;216m.[38;2;255;255;255m.[38;2;255;248;248m.[38;2;255;240;248m.[38;2;255;248;248m.[38;2;255;248;248m.[38;2;248;232;248m.[38;2;240;224;240m.[38;2;240;232;248m.[38;2;255;248;255m.[38;2;200;192;208m:[38;2;208;192;216m:[38;2;232;216;240m.[38;2;208;192;216m:[38;2;136;128;160m=[38;2;104;128;160m+[38;2;232;232;232m.[38;2;255;255;255m.[38;2;255;255;255m.[38;2;255;255;255m.[38;2;255;248;248m.[38;2;255;240;248m.[38;2;255;240;248m.[38;2;248;232;248m.[38;2;248;240;248m.[38;2;240;232;248m.[38;2;248;232;248m.[38;2;160;152;184m-[38;2;224;208;232m.[38;2;255;240;255m.[38;2;248;232;248m.[38;2;248;240;248m.[38;2;240;224;248m.[38;2;224;208;240m.[38;2;216;200;240m.[38;2;240;224;248m.[38;2;216;200;224m.[38;2;136;128;160m=[38;2;208;192;224m:[38;2;240;224;232m.[38;2;232;224;232m.[38;2;232;224;232m.[38;2;240;224;232m.[38;2;248;240;248m.[38;2;255;248;255m.[38;2;248;240;248m.[38;2;248;232;248m.[38;2;240;232;248m.[38;2;232;224;240m.[38;2;232;224;240m.[38;2;224;216;240m.[38;2;224;216;240m.[38;2;64;64;96m#[38;2;8;16;48m@[38;2;184;168;192m-[0m
[38;2;40;48;72m%[38;2;16;32;56m%[38;2;32;40;72m%[38;2;40;48;72m%[38;2;216;216;216m.[38;2;232;208;232m.[38;2;248;216;240m.[38;2;208;184;208m:[38;2;168;144;176m=[38;2;200;192;200m:[38;2;255;255;255m.[38;2;255;255;248m.[38;2;248;248;248m.[38;2;248;232;240m.[38;2;248;232;248m.[38;2;248;232;248m.[38;2;255;240;255m.[38;2;240;224;240m.[38;2;208;192;216m:[38;2;192;176;200m:[38;2;216;200;224m.[38;2;192;176;208m:[38;2;152;136;168m=[38;2;168;160;192m-[38;2;104;128;168m+[38;2;160;152;176m-[38;2;208;176;192m:[38;2;232;216;224m.[38;2;232;232;232m.[38;2;248;240;248m.[38;2;255;240;248m.[38;2;248;240;248m.[38;2;248;240;255m.[38;2;255;248;255m.[38;2;255;240;255m.[38;2;248;240;248m.[38;2;168;160;184m-[38;2;216;208;232m.[38;2;255;240;255m.[38;2;248;232;248m.[38;2;248;232;248m.[38;2;248;240;248m.[38;2;255;240;255m.[38;2;240;232;255m.[38;2;200;192;216m:[38;2;152;144;176m=[38;2;144;144;176m=[38;2;160;152;184m-[38;2;208;200;216m:[38;2;248;240;240m.[38;2;255;240;255m.[38;2;248;232;255m.[38;2;232;224;248m.[38;2;224;216;240m.[38;2;224;208;240m.[38;2;232;224;240m.[38;2;240;224;240m.[38;2;240;224;240m.[38;2;240;224;240m.[38;2;232;224;248m.[38;2;184;168;200m-[38;2;8;16;48m@[38;2;0;8;40m@[38;2;128;120;144m+[0m
[38;2;24;40;64m%[38;2;32;48;64m%[38;2;16;24;56m@[38;2;136;144;152m=[38;2;255;255;255m.[38;2;216;192;216m:[38;2;240;208;232m.[38;2;160;144;176m=[38;2;224;192;224m:[38;2;176;160;184m-[38;2;240;240;240m.[38;2;255;255;255m.[38;2;255;255;248m.[38;2;248;240;248m.[38;2;240;224;240m.[38;2;224;208;224m.[38;2;216;200;216m.[38;2;192;176;200m:[38;2;184;168;200m-[38;2;200;184;216m:[38;2;208;192;216m:[38;2;192;184;208m:[38;2;160;144;176m=[38;2;176;168;200m-[38;2;120;112;144m+[38;2;192;184;192m:[38;2;248;232;240m.[38;2;240;208;208m.[38;2;224;184;192m:[38;2;216;176;192m:[38;2;224;184;200m:[38;2;224;176;200m:[38;2;224;184;200m:[38;2;224;192;208m:[38;2;192;176;200m:[38;2;184;168;192m-[38;2;184;176;208m:[38;2;232;224;248m.[38;2;248;240;248m.[38;2;248;232;248m.[38;2;248;232;248m.[38;2;240;224;240m.[38;2;216;200;216m.[38;2;216;184;200m:[38;2;184;144;160m-[38;2;104;96;128m*[38;2;96;104;144m+[38;2;96;96;136m*[38;2;72;80;128m*[38;2;88;96;136m*[38;2;144;144;176m=[38;2;184;176;208m:[38;2;208;200;232m:[38;2;224;216;240m.[38;2;240;232;248m.[38;2;255;240;248m.[38;2;255;240;248m.[38;2;255;240;248m.[38;2;255;240;255m.[38;2;255;255;255m.[38;2;144;136;160m=[38;2;0;0;32m@[38;2;0;8;32m@[38;2;104;96;128m*[0m
[38;2;32;40;64m%[38;2;24;32;64m%[38;2;32;40;64m%[38;2;216;216;216m.[38;2;240;224;240m.[38;2;224;192;224m:[38;2;184;168;192m-[38;2;64;64;88m#[38;2;216;184;216m:[38;2;176;152;184m-[38;2;248;232;240m.[38;2;255;248;248m.[38;2;248;232;248m.[38;2;240;224;240m.[38;2;232;216;232m.[38;2;240;224;240m.[38;2;248;232;248m.[38;2;240;232;240m.[38;2;224;216;232m.[38;2;184;176;200m-[38;2;128;120;160m+[38;2;80;80;128m*[38;2;80;80;128m*[38;2;64;64;104m#[38;2;168;168;176m-[38;2;255;255;248m.[38;2;255;255;248m.[38;2;255;255;248m.[38;2;255;240;240m.[38;2;255;224;224m.[38;2;255;216;224m.[38;2;255;216;224m.[38;2;255;216;224m.[38;2;208;160;176m-[38;2;136;120;160m+[38;2;176;168;208m-[38;2;160;160;192m-[38;2;200;160;192m-[38;2;224;184;208m:[38;2;216;184;200m:[38;2;216;176;200m:[38;2;224;176;200m:[38;2;232;176;200m:[38;2;248;200;216m.[38;2;255;224;232m.[38;2;208;192;200m:[38;2;176;168;192m-[38;2;208;192;224m:[38;2;192;184;208m:[38;2;152;144;176m=[38;2;128;128;160m=[38;2;64;72;120m#[38;2;72;80;128m*[38;2;136;128;160m=[38;2;224;208;224m.[38;2;216;200;224m.[38;2;240;216;240m.[38;2;255;240;255m.[38;2;248;240;248m.[38;2;232;216;240m.[38;2;88;80;112m*[38;2;0;0;16m@[38;2;16;24;48m@[38;2;160;144;168m=[0m
[38;2;32;40;64m%[38;2;32;40;72m%[38;2;64;72;88m#[38;2;240;232;240m.[38;2;224;208;224m.[38;2;232;208;232m.[38;2;104;88;120m*[38;2;88;96;104m*[38;2;200;192;208m:[38;2;192;184;192m:[38;2;216;208;216m.[38;2;224;200;224m.[38;2;216;200;216m.[38;2;224;216;224m.[38;2;224;216;224m.[38;2;176;168;192m-[38;2;144;144;176m=[38;2;152;144;176m=[38;2;136;136;168m=[38;2;80;88;128m*[38;2;72;80;128m*[38;2;120;112;160m+[38;2;136;128;152m=[38;2;200;200;208m:[38;2;255;255;255m.[38;2;255;255;248m.[38;2;255;255;248m.[38;2;255;240;240m.[38;2;255;224;232m.[38;2;255;232;232m.[38;2;255;232;240m.[38;2;255;232;240m.[38;2;255;240;248m.[38;2;184;168;184m-[38;2;168;160;192m-[38;2;192;184;224m:[38;2;168;160;200m-[38;2;176;152;168m-[38;2;255;232;240m.[38;2;255;224;232m.[38;2;255;224;232m.[38;2;255;224;232m.[38;2;255;232;240m.[38;2;255;232;240m.[38;2;255;232;240m.[38;2;255;240;240m.[38;2;232;216;224m.[38;2;192;176;192m:[38;2;224;208;224m.[38;2;224;208;240m.[38;2;224;208;232m.[38;2;168;160;192m-[38;2;88;88;128m*[38;2;136;136;176m=[38;2;192;184;208m:[38;2;216;208;224m.[38;2;240;232;240m.[38;2;224;200;224m.[38;2;176;160;184m-[38;2;200;176;208m:[38;2;80;80;104m*[38;2;40;40;64m%[38;2;192;176;200m:[38;2;240;224;248m.[0m
[38;2;64;64;88m#[38;2;16;32;56m%[38;2;64;72;96m#[38;2;240;224;240m.[38;2;200;184;208m:[38;2;216;200;216m.[38;2;24;24;56m%[38;2;160;160;168m-[38;2;255;255;255m.[38;2;255;255;248m.[38;2;240;240;232m.[38;2;216;216;216m.[38;2;216;216;216m.[38;2;240;240;240m.[38;2;208;200;224m:[38;2;112;112;144m+[38;2;72;80;128m*[38;2;96;104;152m+[38;2;96;96;144m*[38;2;128;128;160m=[38;2;192;176;200m:[38;2;200;192;200m:[38;2;248;240;240m.[38;2;255;255;255m.[38;2;255;255;248m.[38;2;255;248;240m.[38;2;255;232;232m.[38;2;255;224;232m.[38;2;255;224;232m.[38;2;255;232;232m.[38;2;255;232;240m.[38;2;255;232;240m.[38;2;248;224;232m.[38;2;168;152;184m-[38;2;192;184;224m:[38;2;192;176;216m:[38;2;192;176;216m:[38;2;168;160;184m-[38;2;240;224;224m.[38;2;255;232;240m.[38;2;255;232;240m.[38;2;255;232;240m.[38;2;255;232;240m.[38;2;255;232;240m.[38;2;255;232;240m.[38;2;255;224;240m.[38;2;255;232;240m.[38;2;255;232;232m.[38;2;200;184;192m:[38;2;192;176;200m:[38;2;224;216;240m.[38;2;255;240;255m.[38;2;184;176;208m:[38;2;144;144;184m=[38;2;120;120;168m+[38;2;128;128;176m=[38;2;128;136;168m=[38;2;112;128;168m+[38;2;144;168;200m-[38;2;224;224;240m.[38;2;240;240;232m.[38;2;232;224;224m.[38;2;200;192;208m:[38;2;216;192;224m:[0m
[38;2;216;192;224m:[38;2;88;88;120m*[38;2;16;32;56m%[38;2;192;176;200m:[38;2;224;200;232m.[38;2;184;168;192m-[38;2;32;40;64m%[38;2;16;24;48m@[38;2;208;208;208m.[38;2;255;255;248m.[38;2;255;248;240m.[38;2;208;208;224m.[38;2;136;136;176m=[38;2;128;128;168m=[38;2;144;144;184m=[38;2;184;176;208m:[38;2;152;152;184m-[38;2;176;176;192m-[38;2;232;232;232m.[38;2;255;248;248m.[38;2;192;184;200m:[38;2;232;232;224m.[38;2;255;255;255m.[38;2;255;255;248m.[38;2;255;240;240m.[38;2;255;224;232m.[38;2;255;224;232m.[38;2;255;224;232m.[38;2;255;224;232m.[38;2;255;224;240m.[38;2;255;224;240m.[38;2;255;232;240m.[38;2;232;208;216m.[38;2;96;88;128m*[38;2;112;112;160m+[38;2;112;120;160m+[38;2;96;104;144m+[38;2;96;96;136m*[38;2;176;168;176m-[38;2;255;240;248m.[38;2;255;224;240m.[38;2;255;232;240m.[38;2;255;232;240m.[38;2;255;232;240m.[38;2;255;224;240m.[38;2;255;224;240m.[38;2;255;224;232m.[38;2;255;224;232m.[38;2;255;232;240m.[38;2;192;168;176m-[38;2;176;120;144m=[38;2;184;160;192m-[38;2;200;192;224m:[38;2;192;176;208m:[38;2;232;216;232m.[38;2;144;144;176m=[38;2;72;88;136m*[38;2;136;168;208m-[38;2;200;224;240m.[38;2;255;248;248m.[38;2;240;240;232m.[38;2;216;200;216m.[38;2;208;184;216m:[38;2;152;144;168m=[0m
[38;2;216;200;224m.[38;2;248;224;248m.[38;2;160;144;168m=[38;2;144;128;160m=[38;2;248;224;248m.[38;2;152;136;168m=[38;2;0;8;32m@[38;2;24;32;48m%[38;2;104;112;120m+[38;2;208;200;208m:[38;2;216;208;224m.[38;2;200;192;208m:[38;2;176;168;192m-[38;2;216;208;224m.[38;2;255;248;248m.[38;2;224;208;224m.[38;2;208;192;216m:[38;2;248;240;248m.[38;2;248;248;248m.[38;2;216;216;216m.[38;2;208;200;208m:[38;2;255;255;255m.[38;2;255;255;248m.[38;2;255;240;240m.[38;2;255;224;232m.[38;2;255;224;232m.[38;2;255;224;232m.[38;2;255;224;232m.[38;2;255;224;232m.[38;2;255;224;240m.[38;2;255;224;240m.[38;2;255;240;248m.[38;2;192;168;184m-[38;2;56;64;112m#[38;2;64;88;128m*[38;2;88;120;160m+[38;2;72;104;144m*[38;2;56;72;120m#[38;2;112;104;136m+[38;2;248;224;232m.[38;2;255;232;240m.[38;2;255;224;240m.[38;2;255;224;240m.[38;2;255;224;240m.[38;2;255;224;240m.[38;2;255;224;240m.[38;2;255;224;240m.[38;2;255;224;232m.[38;2;255;224;232m.[38;2;255;232;240m.[38;2;200;160;176m-[38;2;208;136;168m-[38;2;192;152;184m-[38;2;176;160;192m-[38;2;232;216;232m.[38;2;248;232;240m.[38;2;184;168;200m-[38;2;184;176;200m-[38;2;208;200;216m:[38;2;192;184;192m:[38;2;144;128;152m=[38;2;120;112;144m+[38;2;48;48;72m%[38;2;152;144;176m=[0m
[38;2;120;112;136m+[38;2;112;104;136m+[38;2;144;128;160m=[38;2;112;104;128m+[38;2;136;128;152m=[38;2;192;168;200m-[38;2;160;152;160m-[38;2;248;248;248m.[38;2;255;255;255m.[38;2;200;200;200m:[38;2;184;176;192m-[38;2;208;208;208m.[38;2;255;255;255m.[38;2;255;255;255m.[38;2;248;240;248m.[38;2;200;176;208m:[38;2;200;184;208m:[38;2;216;200;224m.[38;2;192;168;192m-[38;2;192;128;152m=[38;2;248;240;240m.[38;2;255;255;248m.[38;2;255;240;240m.[38;2;255;224;232m.[38;2;255;224;232m.[38;2;255;224;232m.[38;2;255;224;232m.[38;2;255;224;232m.[38;2;255;224;232m.[38;2;255;224;232m.[38;2;255;224;240m.[38;2;255;232;240m.[38;2;112;112;144m+[38;2;88;96;136m*[38;2;136;136;176m=[38;2;160;160;200m-[38;2;144;144;192m=[38;2;88;96;144m*[38;2;88;120;160m+[38;2;184;176;192m-[38;2;255;240;240m.[38;2;255;224;240m.[38;2;255;224;240m.[38;2;255;224;240m.[38;2;255;232;240m.[38;2;255;224;240m.[38;2;255;224;240m.[38;2;255;224;240m.[38;2;255;224;232m.[38;2;255;224;240m.[38;2;240;208;216m.[38;2;240;200;208m.[38;2;248;184;200m:[38;2;128;96;128m+[38;2;168;152;192m-[38;2;200;184;216m:[38;2;192;176;200m:[38;2;208;192;224m:[38;2;248;232;248m.[38;2;240;240;248m.[38;2;128;128;144m=[38;2;0;0;24m@[38;2;8;16;48m@[38;2;208;192;224m:[0m
[38;2;64;72;96m#[38;2;64;72;96m#[38;2;48;56;72m#[38;2;16;24;48m@[38;2;16;24;48m@[38;2;104;96;128m*[38;2;160;144;160m=[38;2;152;152;160m=[38;2;168;168;176m-[38;2;216;216;216m.[38;2;224;224;224m.[38;2;192;176;200m:[38;2;192;176;200m:[38;2;176;168;192m-[38;2;192;176;208m:[38;2;192;176;208m:[38;2;208;192;216m:[38;2;176;144;168m=[38;2;240;160;192m-[38;2;255;200;216m.[38;2;255;240;240m.[38;2;255;240;240m.[38;2;255;224;232m.[38;2;255;224;232m.[38;2;255;224;232m.[38;2;255;224;232m.[38;2;255;224;232m.[38;2;255;224;232m.[38;2;255;224;232m.[38;2;255;224;232m.[38;2;255;240;240m.[38;2;192;176;192m:[38;2;96;144;176m=[38;2;128;128;168m=[38;2;192;184;224m:[38;2;192;184;224m:[38;2;152;160;208m-[38;2;96;120;160m+[38;2;136;192;224m:[38;2;128;168;200m-[38;2;216;200;208m:[38;2;255;232;240m.[38;2;255;224;232m.[38;2;255;224;232m.[38;2;255;224;232m.[38;2;255;224;232m.[38;2;255;224;232m.[38;2;255;224;232m.[38;2;255;224;232m.[38;2;255;224;232m.[38;2;255;224;232m.[38;2;255;232;240m.[38;2;200;168;184m-[38;2;152;144;176m=[38;2;160;144;184m=[38;2;184;168;200m-[38;2;192;176;208m:[38;2;192;176;208m:[38;2;200;184;208m:[38;2;216;208;216m.[38;2;208;192;208m:[38;2;112;112;128m+[38;2;160;152;176m-[38;2;168;160;184m-[0m
[38;2;24;40;56m%[38;2;32;40;64m%[38;2;32;40;64m%[38;2;24;32;56m%[38;2;16;24;48m@[38;2;32;40;64m%[38;2;160;160;168m-[38;2;216;216;216m.[38;2;232;232;232m.[38;2;232;224;224m.[38;2;216;192;216m:[38;2;192;168;200m-[38;2;168;152;184m-[38;2;176;160;192m-[38;2;176;160;200m-[38;2;176;160;200m-[38;2;200;184;224m:[38;2;168;144;176m=[38;2;208;152;176m-[38;2;255;224;232m.[38;2;255;232;240m.[38;2;255;224;232m.[38;2;255;224;232m.[38;2;255;224;232m.[38;2;255;224;232m.[38;2;255;224;232m.[38;2;255;224;232m.[38;2;255;224;232m.[38;2;255;232;240m.[38;2;255;224;232m.[38;2;184;168;184m-[38;2;128;168;208m-[38;2;120;160;192m-[38;2;136;136;176m=[38;2;176;168;208m-[38;2;160;160;208m-[38;2;152;160;200m-[38;2;136;144;184m=[38;2;120;160;192m-[38;2;128;184;216m-[38;2;112;128;160m+[38;2;216;176;192m:[38;2;255;224;232m.[38;2;255;224;232m.[38;2;255;216;232m.[38;2;255;224;232m.[38;2;255;224;232m.[38;2;255;224;232m.[38;2;255;224;232m.[38;2;255;224;232m.[38;2;255;224;232m.[38;2;184;160;176m-[38;2;128;120;160m+[38;2;160;160;200m-[38;2;152;160;192m-[38;2;160;160;200m-[38;2;136;152;184m=[38;2;136;120;152m+[38;2;144;128;152m=[38;2;216;216;216m.[38;2;192;192;200m:[38;2;96;96;112m*[38;2;184;168;192m-[38;2;208;192;216m:[0m
[38;2;16;32;56m%[38;2;16;24;48m@[38;2;32;48;64m%[38;2;32;40;64m%[38;2;104;112;120m+[38;2;240;240;240m.[38;2;255;255;255m.[38;2;255;255;255m.[38;2;255;255;255m.[38;2;255;255;255m.[38;2;232;224;240m.[38;2;216;192;224m:[38;2;216;192;224m:[38;2;160;144;184m=[38;2;160;152;192m-[38;2;168;160;192m-[38;2;184;168;200m-[38;2;160;152;192m-[38;2;112;136;176m=[38;2;184;176;192m-[38;2;255;224;232m.[38;2;255;232;240m.[38;2;255;224;232m.[38;2;255;224;232m.[38;2;255;224;232m.[38;2;255;224;232m.[38;2;255;224;232m.[38;2;255;224;232m.[38;2;224;192;208m:[38;2;168;152;176m-[38;2;144;144;184m=[38;2;160;160;200m-[38;2;176;168;208m-[38;2;184;176;216m:[38;2;176;176;208m-[38;2;176;176;208m-[38;2;176;176;208m-[38;2;168;168;208m-[38;2;136;136;176m=[38;2;144;144;192m=[38;2;120;128;176m=[38;2;152;144;184m=[38;2;176;152;176m-[38;2;224;192;208m:[38;2;255;208;224m.[38;2;255;216;232m.[38;2;255;216;224m.[38;2;255;216;224m.[38;2;255;224;224m.[38;2;248;208;216m.[38;2;192;160;184m-[38;2;144;136;176m=[38;2;152;152;192m-[38;2;144;152;192m=[38;2;128;192;224m:[38;2;144;200;232m:[38;2;136;160;200m-[38;2;200;192;216m:[38;2;208;200;216m:[38;2;224;224;224m.[38;2;255;255;255m.[38;2;248;255;248m.[38;2;152;152;160m=[38;2;120;112;136m+[0m
[38;2;88;96;112m*[38;2;160;160;176m-[38;2;208;208;208m.[38;2;192;192;192m:[38;2;255;255;255m.[38;2;255;255;255m.[38;2;255;248;248m.[38;2;255;255;248m.[38;2;255;255;248m.[38;2;255;255;248m.[38;2;255;255;248m.[38;2;248;232;240m.[38;2;216;192;216m:[38;2;200;184;208m:[38;2;216;200;232m.[38;2;192;184;224m:[38;2;192;184;224m:[38;2;192;176;224m:[38;2;144;168;200m-[38;2;128;184;216m-[38;2;152;144;168m=[38;2;224;184;200m:[38;2;255;216;224m.[38;2;255;216;224m.[38;2;255;224;232m.[38;2;255;216;224m.[38;2;232;192;208m:[38;2;200;176;192m:[38;2;176;160;200m-[38;2;136;136;176m=[38;2;176;176;216m-[38;2;184;176;216m:[38;2;192;176;216m:[38;2;192;184;224m:[38;2;200;192;224m:[38;2;200;192;224m:[38;2;192;184;216m:[38;2;184;176;208m:[38;2;192;184;224m:[38;2;184;176;216m:[38;2;168;160;200m-[38;2;184;184;216m:[38;2;152;152;192m-[38;2;176;168;200m-[38;2;184;168;200m-[38;2;208;176;200m:[38;2;232;192;208m:[38;2;232;192;208m:[38;2;208;176;192m:[38;2;176;160;192m-[38;2;176;168;208m-[38;2;192;192;224m:[38;2;184;184;216m:[38;2;192;184;224m:[38;2;176;176;216m-[38;2;192;192;216m:[38;2;232;216;240m.[38;2;216;208;240m.[38;2;216;208;240m.[38;2;208;200;224m:[38;2;216;208;216m.[38;2;255;255;248m.[38;2;255;255;255m.[38;2;176;176;184m-[0m
[38;2;255;255;255m.[38;2;255;255;255m.[38;2;192;192;200m:[38;2;248;240;248m.[38;2;255;240;248m.[38;2;240;224;240m.[38;2;240;224;240m.[38;2;248;240;248m.[38;2;248;232;240m.[38;2;255;255;248m.[38;2;255;255;248m.[38;2;255;255;248m.[38;2;224;208;224m.[38;2;255;240;248m.[38;2;255;240;248m.[38;2;224;208;232m.[38;2;208;192;224m:[38;2;200;184;224m:[38;2;192;176;216m:[38;2;184;176;208m:[38;2;152;144;192m=[38;2;160;144;176m=[38;2;200;168;192m-[38;2;224;168;192m:[38;2;216;168;192m:[38;2;200;176;192m:[38;2;152;136;176m=[38;2;176;168;208m-[38;2;216;208;240m.[38;2;192;176;216m:[38;2;152;144;184m=[38;2;192;184;224m:[38;2;184;176;216m:[38;2;192;176;216m:[38;2;200;184;224m:[38;2;192;184;224m:[38;2;192;184;224m:[38;2;192;192;224m:[38;2;192;184;224m:[38;2;152;144;192m=[38;2;184;184;216m:[38;2;192;176;216m:[38;2;192;184;216m:[38;2;192;184;216m:[38;2;200;192;232m:[38;2;192;184;216m:[38;2;192;176;208m:[38;2;176;168;200m-[38;2;184;176;216m:[38;2;192;184;224m:[38;2;192;192;224m:[38;2;200;192;224m:[38;2;200;192;224m:[38;2;192;176;216m:[38;2;200;192;224m:[38;2;208;200;232m:[38;2;224;216;240m.[38;2;232;216;240m.[38;2;232;224;240m.[38;2;240;224;248m.[38;2;216;200;232m.[38;2;216;208;224m.[38;2;255;255;255m.[38;2;255;255;255m.[0m
[38;2;255;248;255m.[38;2;208;200;216m:[38;2;216;200;216m.[38;2;248;224;240m.[38;2;232;208;232m.[38;2;224;200;232m.[38;2;248;240;240m.[38;2;248;240;248m.[38;2;248;224;240m.[38;2;255;248;248m.[38;2;255;248;248m.[38;2;255;248;248m.[38;2;255;240;248m.[38;2;255;240;248m.[38;2;255;240;248m.[38;2;255;240;248m.[38;2;255;240;248m.[38;2;240;224;240m.[38;2;232;216;240m.[38;2;232;216;240m.[38;2;200;184;208m:[38;2;200;176;216m:[38;2;216;200;232m.[38;2;208;192;224m:[38;2;216;200;224m.[38;2;224;208;232m.[38;2;192;176;208m:[38;2;200;184;216m:[38;2;216;200;232m.[38;2;216;200;232m.[38;2;192;184;216m:[38;2;152;144;184m=[38;2;208;192;224m:[38;2;240;216;240m.[38;2;224;208;232m.[38;2;208;192;224m:[38;2;200;184;216m:[38;2;192;184;224m:[38;2;176;160;208m-[38;2;160;152;192m-[38;2;208;200;232m:[38;2;200;192;224m:[38;2;200;184;216m:[38;2;232;216;240m.[38;2;248;232;248m.[38;2;248;232;248m.[38;2;248;232;248m.[38;2;240;224;248m.[38;2;232;224;240m.[38;2;232;216;240m.[38;2;224;208;232m.[38;2;232;216;240m.[38;2;240;224;248m.[38;2;216;208;232m.[38;2;184;176;208m:[38;2;200;192;224m:[38;2;216;208;232m.[38;2;232;216;248m.[38;2;224;208;240m.[38;2;248;232;240m.[38;2;248;232;248m.[38;2;232;216;240m.[38;2;224;208;232m.[38;2;224;216;232m.[0m
[38;2;224;208;240m.[38;2;176;168;192m-[38;2;224;200;224m.[38;2;224;208;224m.[38;2;224;208;232m.[38;2;232;216;240m.[38;2;248;248;248m.[38;2;255;255;248m.[38;2;248;232;248m.[38;2;248;232;248m.[38;2;255;232;248m.[38;2;255;232;248m.[38;2;255;240;248m.[38;2;255;232;248m.[38;2;255;232;248m.[38;2;255;232;248m.[38;2;255;232;248m.[38;2;255;240;248m.[38;2;255;240;248m.[38;2;255;248;255m.[38;2;216;200;216m.[38;2;224;208;232m.[38;2;240;224;248m.[38;2;255;240;248m.[38;2;255;240;248m.[38;2;255;248;255m.[38;2;224;208;224m.[38;2;232;216;232m.[38;2;240;224;240m.[38;2;224;208;232m.[38;2;224;216;240m.[38;2;200;184;216m:[38;2;184;168;200m-[38;2;232;216;240m.[38;2;232;208;232m.[38;2;216;200;224m.[38;2;208;192;224m:[38;2;208;192;224m:[38;2;192;176;216m:[38;2;216;200;232m.[38;2;240;216;240m.[38;2;224;200;224m.[38;2;240;216;240m.[38;2;255;240;248m.[38;2;248;232;248m.[38;2;248;232;248m.[38;2;248;232;248m.[38;2;248;232;248m.[38;2;248;232;248m.[38;2;248;232;248m.[38;2;248;232;248m.[38;2;248;232;248m.[38;2;240;232;248m.[38;2;248;232;248m.[38;2;224;208;224m.[38;2;184;176;208m:[38;2;192;192;224m:[38;2;216;208;240m.[38;2;216;208;240m.[38;2;224;216;240m.[38;2;248;240;255m.[38;2;232;216;240m.[38;2;192;176;216m:[38;2;216;200;232m.[0m
[38;2;176;192;216m:[38;2;176;168;200m-[38;2;200;176;216m:[38;2;224;216;240m.[38;2;232;224;248m.[38;2;224;216;240m.[38;2;224;208;232m.[38;2;255;255;248m.[38;2;255;248;248m.[38;2;248;224;240m.[38;2;248;224;240m.[38;2;255;232;248m.[38;2;255;232;248m.[38;2;255;232;248m.[38;2;255;232;248m.[38;2;255;232;240m.[38;2;255;232;240m.[38;2;248;232;248m.[38;2;248;232;248m.[38;2;255;240;248m.[38;2;216;200;224m.[38;2;232;216;240m.[38;2;240;224;248m.[38;2;255;240;248m.[38;2;255;240;248m.[38;2;255;240;248m.[38;2;232;216;224m.[38;2;240;224;240m.[38;2;248;232;248m.[38;2;232;208;240m.[38;2;240;224;240m.[38;2;255;240;248m.[38;2;216;200;224m.[38;2;184;168;192m-[38;2;240;216;240m.[38;2;240;224;240m.[38;2;240;216;240m.[38;2;232;216;240m.[38;2;232;208;232m.[38;2;248;224;248m.[38;2;224;208;232m.[38;2;216;208;224m.[38;2;240;240;248m.[38;2;240;232;248m.[38;2;232;232;240m.[38;2;240;232;240m.[38;2;240;224;240m.[38;2;248;232;248m.[38;2;248;232;248m.[38;2;240;224;240m.[38;2;240;224;240m.[38;2;240;224;240m.[38;2;240;224;240m.[38;2;240;224;240m.[38;2;240;232;248m.[38;2;224;208;232m.[38;2;176;168;200m-[38;2;192;184;224m:[38;2;216;208;240m.[38;2;208;200;232m:[38;2;240;232;248m.[38;2;224;208;240m.[38;2;160;160;200m-[38;2;216;208;240m.[0m
[38;2;216;216;224m.[38;2;168;176;200m-[38;2;168;168;208m-[38;2;224;216;240m.[38;2;240;224;248m.[38;2;184;184;224m:[38;2;208;192;224m:[38;2;255;248;248m.[38;2;255;255;248m.[38;2;248;240;248m.[38;2;224;216;240m.[38;2;248;232;248m.[38;2;255;240;248m.[38;2;255;232;248m.[38;2;248;232;248m.[38;2;248;232;240m.[38;2;255;232;240m.[38;2;255;232;248m.[38;2;255;240;248m.[38;2;240;224;240m.[38;2;224;208;240m.[38;2;232;224;248m.[38;2;240;224;248m.[38;2;255;240;248m.[38;2;255;232;248m.[38;2;255;240;248m.[38;2;224;208;224m.[38;2;248;224;240m.[38;2;255;232;248m.[38;2;240;216;240m.[38;2;232;216;240m.[38;2;255;232;248m.[38;2;255;248;255m.[38;2;224;200;216m.[38;2;184;168;200m-[38;2;232;208;240m.[38;2;240;224;240m.[38;2;224;208;224m.[38;2;224;208;232m.[38;2;232;216;232m.[38;2;200;192;208m:[38;2;224;216;224m.[38;2;232;216;232m.[38;2;232;216;232m.[38;2;224;208;232m.[38;2;224;216;232m.[38;2;224;224;240m.[38;2;224;224;248m.[38;2;224;224;248m.[38;2;232;224;248m.[38;2;240;224;240m.[38;2;232;216;240m.[38;2;232;216;240m.[38;2;232;216;240m.[38;2;224;216;240m.[38;2;232;224;248m.[38;2;216;200;232m.[38;2;152;152;192m-[38;2;192;184;224m:[38;2;200;192;232m:[38;2;224;216;240m.[38;2;208;200;240m.[38;2;144;160;208m-[38;2;168;192;232m:[0m
[38;2;152;168;200m-[38;2;160;192;224m:[38;2;152;176;208m-[38;2;200;200;232m:[38;2;216;208;240m.[38;2;168;160;208m-[38;2;216;208;240m.[38;2;240;232;240m.[38;2;255;248;248m.[38;2;255;248;248m.[38;2;224;208;232m.[38;2;208;208;240m.[38;2;240;224;248m.[38;2;248;232;248m.[38;2;248;232;248m.[38;2;255;232;248m.[38;2;255;232;248m.[38;2;255;232;248m.[38;2;240;224;240m.[38;2;216;200;224m.[38;2;232;216;240m.[38;2;232;216;240m.[38;2;240;224;240m.[38;2;255;232;248m.[38;2;255;232;248m.[38;2;248;232;248m.[38;2;200;184;216m:[38;2;255;232;240m.[38;2;255;232;248m.[38;2;240;224;240m.[38;2;224;216;240m.[38;2;240;224;248m.[38;2;240;240;248m.[38;2;255;248;255m.[38;2;208;200;216m:[38;2;192;176;208m:[38;2;232;208;240m.[38;2;216;192;224m:[38;2;232;208;232m.[38;2;176;160;184m-[38;2;168;152;184m-[38;2;216;192;216m:[38;2;240;216;240m.[38;2;208;192;216m:[38;2;216;200;216m.[38;2;208;184;216m:[38;2;192;176;200m:[38;2;208;192;208m:[38;2;208;200;224m:[38;2;200;208;240m.[38;2;216;216;248m.[38;2;224;216;248m.[38;2;224;216;248m.[38;2;224;216;240m.[38;2;224;208;240m.[38;2;216;208;240m.[38;2;224;216;248m.[38;2;200;192;224m:[38;2;152;144;184m=[38;2;192;192;232m:[38;2;216;208;240m.[38;2;224;208;240m.[38;2;176;192;232m:[38;2;176;192;232m:[0m
[38;2;104;144;200m=[38;2;208;224;240m.[38;2;232;232;248m.[38;2;216;216;248m.[38;2;184;184;224m:[38;2;200;192;224m:[38;2;232;224;255m.[38;2;224;216;240m.[38;2;255;248;255m.[38;2;255;255;255m.[38;2;240;224;240m.[38;2;200;200;232m:[38;2;216;216;248m.[38;2;248;224;248m.[38;2;248;232;255m.[38;2;248;232;248m.[38;2;255;240;248m.[38;2;255;232;255m.[38;2;240;216;240m.[38;2;240;216;240m.[38;2;240;224;248m.[38;2;240;224;248m.[38;2;240;224;248m.[38;2;248;232;248m.[38;2;255;240;255m.[38;2;240;216;248m.[38;2;224;208;240m.[38;2;240;232;248m.[38;2;240;232;255m.[38;2;240;232;255m.[38;2;232;224;240m.[38;2;232;216;240m.[38;2;216;200;224m.[38;2;200;192;216m:[38;2;208;200;224m:[38;2;176;160;192m-[38;2;184;168;208m-[38;2;232;208;240m.[38;2;240;216;240m.[38;2;176;160;200m-[38;2;160;144;192m=[38;2;200;184;208m:[38;2;232;216;232m.[38;2;232;224;232m.[38;2;240;216;232m.[38;2;248;232;240m.[38;2;240;224;240m.[38;2;224;200;224m.[38;2;224;200;224m.[38;2;216;208;224m.[38;2;200;200;232m:[38;2;192;208;240m.[38;2;208;208;248m.[38;2;216;216;248m.[38;2;216;216;248m.[38;2;216;216;248m.[38;2;224;216;248m.[38;2;232;224;255m.[38;2;208;200;232m:[38;2;168;168;208m-[38;2;208;208;240m.[38;2;208;208;240m.[38;2;192;200;248m:[38;2;184;192;232m:[0m
[38;2;112;160;216m-[38;2;192;208;224m.[38;2;224;232;248m.[38;2;192;200;232m:[38;2;160;160;208m-[38;2;208;200;232m:[38;2;232;224;248m.[38;2;208;200;232m:[38;2;248;232;240m.[38;2;255;248;248m.[38;2;255;240;248m.[38;2;200;192;224m:[38;2;200;200;240m:[38;2;208;208;240m.[38;2;240;224;248m.[38;2;240;224;248m.[38;2;240;224;240m.[38;2;240;224;240m.[38;2;240;224;240m.[38;2;240;224;240m.[38;2;232;216;240m.[38;2;232;216;240m.[38;2;232;216;240m.[38;2;240;224;240m.[38;2;248;224;240m.[38;2;208;208;240m.[38;2;192;208;240m.[38;2;216;216;240m.[38;2;216;208;224m.[38;2;216;192;208m:[38;2;208;176;208m:[38;2;216;184;216m:[38;2;176;152;192m-[38;2;160;144;184m=[38;2;208;184;224m:[38;2;192;168;208m-[38;2;144;128;168m=[38;2;224;208;232m.[38;2;232;208;240m.[38;2;216;200;224m.[38;2;168;160;192m-[38;2;144;136;176m=[38;2;192;160;192m-[38;2;248;200;216m.[38;2;240;168;192m:[38;2;224;176;200m:[38;2;224;200;216m.[38;2;232;216;224m.[38;2;232;208;224m.[38;2;224;184;208m:[38;2;208;176;192m:[38;2;200;184;208m:[38;2;200;192;216m:[38;2;192;192;224m:[38;2;192;200;232m:[38;2;192;200;232m:[38;2;192;200;232m:[38;2;192;200;232m:[38;2;216;208;240m.[38;2;200;192;224m:[38;2;168;160;200m-[38;2;200;200;232m:[38;2;192;200;240m:[38;2;176;192;232m:[0m
