[38;2;64;64;80;48;2;48;56;72m▀[38;2;88;88;104;48;2;80;80;104m▀[38;2;96;96;104;48;2;72;80;96m▀[38;2;56;64;80;48;2;72;80;96m▀[38;2;80;64;88;48;2;80;80;96m▀[38;2;160;104;136;48;2;56;56;80m▀[38;2;64;48;80;48;2;32;40;64m▀[38;2;0;16;32;48;2;24;32;56m▀[38;2;0;8;32;48;2;24;32;56m▀[38;2;8;16;40;48;2;24;32;56m▀[38;2;24;32;64;48;2;32;40;56m▀[38;2;16;24;56;48;2;32;32;56m▀[38;2;64;64;80;48;2;32;40;64m▀[38;2;168;160;144;48;2;48;48;72m▀[38;2;120;120;128;48;2;40;48;64m▀[38;2;80;88;112;48;2;32;40;64m▀[38;2;24;40;72;48;2;32;40;56m▀[38;2;0;8;32;48;2;16;24;48m▀[38;2;8;16;40;48;2;16;16;40m▀[38;2;32;48;72;48;2;8;16;40m▀[38;2;80;128;152;48;2;16;32;56m▀[38;2;80;104;136;48;2;32;40;64m▀[38;2;16;24;40;48;2;24;32;56m▀[38;2;8;16;32;48;2;8;16;48m▀[38;2;56;64;80;48;2;16;16;40m▀[38;2;48;56;72;48;2;104;104;120m▀[38;2;0;8;32;48;2;192;192;200m▀[38;2;40;48;64;48;2;248;248;248m▀[38;2;112;112;128;48;2;255;255;255m▀[38;2;192;192;192;48;2;255;255;255m▀[38;2;248;240;248;48;2;255;255;255m▀[38;2;255;248;255;48;2;240;232;240m▀[38;2;232;216;232;48;2;224;176;208m▀[38;2;224;168;200;48;2;255;192;224m▀[38;2;255;184;216;48;2;255;200;224m▀[38;2;255;200;232;48;2;255;208;240m▀[38;2;160;128;152;48;2;136;104;136m▀[38;2;16;24;40;48;2;0;8;24m▀[38;2;48;56;72;48;2;16;24;40m▀[38;2;72;72;88;48;2;32;32;56m▀[38;2;72;80;88;48;2;24;32;48m▀[38;2;112;112;120;48;2;40;40;56m▀[0m
[38;2;48;48;72;48;2;32;40;64m▀[38;2;48;64;80;48;2;32;48;64m▀[38;2;48;56;80;48;2;32;48;64m▀[38;2;48;56;72;48;2;32;48;64m▀[38;2;56;64;80;48;2;32;48;64m▀[38;2;48;56;72;48;2;32;32;56m▀[38;2;32;40;56;48;2;24;32;48m▀[38;2;32;40;64;48;2;32;40;56m▀[38;2;40;48;64;48;2;32;40;64m▀[38;2;40;48;64;48;2;32;40;56m▀[38;2;40;48;64;48;2;32;40;64m▀[38;2;48;56;72;48;2;16;24;48m▀[38;2;40;48;64;48;2;32;32;56m▀[38;2;24;32;56;48;2;88;96;112m▀[38;2;24;32;48;48;2;176;176;184m▀[38;2;32;40;64;48;2;216;216;216m▀[38;2;48;48;72;48;2;232;224;224m▀[38;2;56;64;80;48;2;224;224;232m▀[38;2;88;96;112;48;2;192;224;240m▀[38;2;88;96;112;48;2;192;224;240m▀[38;2;80;88;104;48;2;184;216;240m▀[38;2;48;56;80;48;2;152;184;216m▀[38;2;16;24;48;48;2;152;160;176m▀[38;2;56;56;72;48;2;248;240;240m▀[38;2;168;176;176;48;2;255;255;255m▀[38;2;255;255;255;48;2;255;248;248m▀[38;2;255;255;255;48;2;255;248;248m▀[38;2;255;248;248;48;2;248;240;240m▀[38;2;255;240;248;48;2;255;232;240m▀[38;2;255;248;248;48;2;224;208;224m▀[38;2;232;224;232;48;2;216;208;216m▀[38;2;224;176;200;48;2;248;232;248m▀[38;2;255;200;224;48;2;248;224;232m▀[38;2;255;208;224;48;2;248;192;216m▀[38;2;255;200;224;48;2;255;200;216m▀[38;2;255;208;232;48;2;255;200;224m▀[38;2;96;72;96;48;2;80;64;88m▀[38;2;8;16;40;48;2;24;40;64m▀[38;2;40;56;80;48;2;56;64;88m▀[38;2;0;8;32;48;2;32;40;64m▀[38;2;32;56;80;48;2;96;136;168m▀[38;2;40;64;96;48;2;112;176;208m▀[0m
[38;2;40;48;64;48;2;224;224;224m▀[38;2;32;40;64;48;2;192;192;200m▀[38;2;24;32;56;48;2;184;184;192m▀[38;2;40;48;64;48;2;216;216;216m▀[38;2;32;40;56;48;2;216;216;216m▀[38;2;64;72;88;48;2;240;240;240m▀[38;2;88;96;104;48;2;255;255;255m▀[38;2;48;48;64;48;2;240;240;232m▀[38;2;16;24;48;48;2;208;208;208m▀[38;2;48;56;72;48;2;240;240;240m▀[38;2;8;16;40;48;2;208;208;208m▀[38;2;72;72;88;48;2;224;216;216m▀[38;2;216;208;216;48;2;224;216;224m▀[38;2;240;240;240;48;2;216;216;224m▀[38;2;232;224;232;48;2;232;232;232m▀[38;2;216;208;224;48;2;248;240;248m▀[38;2;216;208;216;48;2;255;248;255m▀[38;2;208;200;216;48;2;255;240;248m▀[38;2;208;192;216;48;2;255;232;248m▀[38;2;208;200;216;48;2;255;240;248m▀[38;2;208;208;224;48;2;255;240;248m▀[38;2;208;208;224;48;2;255;248;255m▀[38;2;255;248;248;48;2;255;248;248m▀[38;2;255;255;255;48;2;255;248;248m▀[38;2;255;240;248;48;2;255;240;248m▀[38;2;248;224;240;48;2;240;208;232m▀[38;2;248;216;232;48;2;248;208;224m▀[38;2;248;208;224;48;2;232;200;224m▀[38;2;224;192;216;48;2;240;224;232m▀[38;2;224;208;224;48;2;255;240;248m▀[38;2;255;240;248;48;2;248;232;240m▀[38;2;255;248;255;48;2;255;240;248m▀[38;2;255;232;240;48;2;255;248;255m▀[38;2;248;216;232;48;2;248;224;232m▀[38;2;255;208;224;48;2;255;200;224m▀[38;2;248;184;208;48;2;232;176;200m▀[38;2;32;32;56;48;2;24;32;48m▀[38;2;16;24;40;48;2;0;8;32m▀[38;2;32;32;56;48;2;16;24;48m▀[38;2;16;24;48;48;2;0;16;32m▀[38;2;24;40;64;48;2;16;16;40m▀[38;2;24;40;64;48;2;16;16;32m▀[0m
[38;2;255;255;255;48;2;232;192;216m▀[38;2;255;255;255;48;2;240;216;232m▀[38;2;255;255;255;48;2;248;240;240m▀[38;2;255;255;255;48;2;255;255;255m▀[38;2;255;255;255;48;2;255;255;255m▀[38;2;255;255;255;48;2;255;255;255m▀[38;2;255;255;255;48;2;255;248;248m▀[38;2;255;255;255;48;2;255;248;248m▀[38;2;255;255;255;48;2;255;255;248m▀[38;2;255;255;255;48;2;255;255;255m▀[38;2;255;255;255;48;2;255;255;255m▀[38;2;255;255;255;48;2;255;255;255m▀[38;2;248;248;248;48;2;255;255;255m▀[38;2;255;255;255;48;2;255;255;255m▀[38;2;248;240;248;48;2;255;248;248m▀[38;2;255;240;248;48;2;255;248;248m▀[38;2;255;240;248;48;2;255;248;248m▀[38;2;248;232;240;48;2;255;240;248m▀[38;2;248;232;240;48;2;255;240;248m▀[38;2;255;240;248;48;2;248;240;248m▀[38;2;248;240;248;48;2;255;248;248m▀[38;2;248;240;248;48;2;255;255;255m▀[38;2;240;232;240;48;2;255;255;255m▀[38;2;240;224;240;48;2;248;240;248m▀[38;2;248;232;240;48;2;232;216;232m▀[38;2;255;232;248;48;2;240;216;232m▀[38;2;240;224;240;48;2;255;240;248m▀[38;2;240;224;240;48;2;240;216;240m▀[38;2;255;248;255;48;2;240;224;240m▀[38;2;255;240;248;48;2;255;240;248m▀[38;2;255;240;248;48;2;255;240;248m▀[38;2;255;240;248;48;2;255;240;248m▀[38;2;255;240;248;48;2;255;240;248m▀[38;2;255;240;248;48;2;248;224;240m▀[38;2;255;224;240;48;2;255;208;232m▀[38;2;192;152;176;48;2;200;152;176m▀[38;2;0;0;32;48;2;0;8;32m▀[38;2;48;48;72;48;2;40;48;64m▀[38;2;64;72;88;48;2;64;64;88m▀[38;2;24;32;48;48;2;24;24;48m▀[38;2;192;112;128;48;2;152;96;112m▀[38;2;192;120;128;48;2;160;104;112m▀[0m
[38;2;255;200;216;48;2;255;200;224m▀[38;2;248;192;216;48;2;255;216;232m▀[38;2;232;192;208;48;2;255;240;240m▀[38;2;232;216;224;48;2;240;224;240m▀[38;2;240;232;240;48;2;224;192;216m▀[38;2;255;248;248;48;2;216;192;208m▀[38;2;255;248;255;48;2;232;216;232m▀[38;2;255;248;248;48;2;255;248;255m▀[38;2;255;255;255;48;2;248;240;248m▀[38;2;255;248;248;48;2;240;240;240m▀[38;2;255;248;248;48;2;255;255;255m▀[38;2;255;255;255;48;2;255;255;255m▀[38;2;255;255;255;48;2;248;240;240m▀[38;2;248;248;248;48;2;248;248;248m▀[38;2;248;248;248;48;2;248;248;248m▀[38;2;248;248;248;48;2;240;232;240m▀[38;2;248;248;248;48;2;240;232;240m▀[38;2;255;248;248;48;2;255;255;255m▀[38;2;255;240;248;48;2;255;248;248m▀[38;2;232;208;224;48;2;248;240;248m▀[38;2;208;192;208;48;2;240;224;240m▀[38;2;232;224;232;48;2;216;200;216m▀[38;2;255;248;248;48;2;232;224;232m▀[38;2;255;248;255;48;2;255;248;248m▀[38;2;255;248;255;48;2;248;240;248m▀[38;2;240;224;232;48;2;255;255;255m▀[38;2;224;208;224;48;2;240;232;240m▀[38;2;255;240;248;48;2;224;208;224m▀[38;2;240;216;240;48;2;255;232;248m▀[38;2;232;208;232;48;2;240;216;240m▀[38;2;248;232;240;48;2;232;208;232m▀[38;2;255;240;248;48;2;248;232;240m▀[38;2;248;240;248;48;2;248;232;240m▀[38;2;255;240;248;48;2;240;216;232m▀[38;2;255;208;240;48;2;255;216;240m▀[38;2;160;120;152;48;2;96;80;104m▀[38;2;0;8;24;48;2;0;0;16m▀[38;2;8;16;40;48;2;0;8;32m▀[38;2;16;16;40;48;2;8;16;32m▀[38;2;8;16;40;48;2;8;16;40m▀[38;2;8;16;40;48;2;8;16;40m▀[38;2;0;16;40;48;2;8;16;40m▀[0m
[38;2;255;208;224;48;2;255;208;224m▀[38;2;255;224;240;48;2;255;224;240m▀[38;2;255;248;248;48;2;255;255;248m▀[38;2;255;248;248;48;2;255;255;255m▀[38;2;255;240;248;48;2;255;248;248m▀[38;2;240;216;240;48;2;255;232;248m▀[38;2;232;208;224;48;2;248;232;240m▀[38;2;248;232;240;48;2;224;208;224m▀[38;2;232;224;232;48;2;248;248;248m▀[38;2;255;255;255;48;2;255;255;255m▀[38;2;255;255;255;48;2;255;255;255m▀[38;2;248;240;240;48;2;224;216;224m▀[38;2;240;232;240;48;2;255;255;255m▀[38;2;255;255;255;48;2;248;248;248m▀[38;2;240;232;240;48;2;240;240;240m▀[38;2;248;240;240;48;2;255;255;248m▀[38;2;248;248;248;48;2;255;255;255m▀[38;2;255;255;255;48;2;255;255;248m▀[38;2;255;255;255;48;2;255;255;255m▀[38;2;255;255;255;48;2;255;255;255m▀[38;2;248;240;240;48;2;248;240;240m▀[38;2;255;248;248;48;2;248;240;240m▀[38;2;224;216;224;48;2;255;248;248m▀[38;2;248;232;240;48;2;240;224;240m▀[38;2;240;232;240;48;2;248;240;248m▀[38;2;248;240;248;48;2;232;224;232m▀[38;2;224;224;224;48;2;208;200;208m▀[38;2;192;184;200;48;2;248;255;255m▀[38;2;192;192;208;48;2;232;248;248m▀[38;2;208;200;216;48;2;208;224;240m▀[38;2;216;192;224;48;2;200;208;216m▀[38;2;232;208;232;48;2;192;176;208m▀[38;2;232;216;240;48;2;192;168;208m▀[38;2;248;192;224;48;2;192;160;192m▀[38;2;240;168;200;48;2;208;192;208m▀[38;2;120;112;136;48;2;216;224;232m▀[38;2;64;64;88;48;2;232;248;255m▀[38;2;48;64;80;48;2;184;216;240m▀[38;2;8;16;40;48;2;24;32;48m▀[38;2;8;16;32;48;2;8;16;32m▀[38;2;16;16;40;48;2;16;16;40m▀[38;2;8;16;40;48;2;8;16;40m▀[0m
[38;2;255;208;224;48;2;255;208;232m▀[38;2;255;216;232;48;2;255;216;232m▀[38;2;255;248;248;48;2;255;248;248m▀[38;2;255;255;255;48;2;255;255;255m▀[38;2;255;248;248;48;2;255;240;248m▀[38;2;255;240;248;48;2;255;240;248m▀[38;2;240;216;232;48;2;216;192;208m▀[38;2;232;216;224;48;2;208;200;208m▀[38;2;240;240;248;48;2;224;224;224m▀[38;2;232;232;232;48;2;224;232;240m▀[38;2;216;208;224;48;2;168;168;192m▀[38;2;232;224;240;48;2;240;232;240m▀[38;2;255;255;255;48;2;255;255;255m▀[38;2;248;248;248;48;2;248;248;248m▀[38;2;248;248;248;48;2;255;255;255m▀[38;2;255;255;255;48;2;255;255;255m▀[38;2;255;255;255;48;2;255;255;255m▀[38;2;255;255;248;48;2;255;255;255m▀[38;2;255;255;255;48;2;255;255;255m▀[38;2;255;255;255;48;2;255;255;255m▀[38;2;255;248;248;48;2;255;255;255m▀[38;2;240;232;240;48;2;240;240;240m▀[38;2;255;255;255;48;2;248;248;248m▀[38;2;248;248;248;48;2;255;255;255m▀[38;2;248;240;240;48;2;248;240;248m▀[38;2;248;248;248;48;2;255;248;248m▀[38;2;192;184;200;48;2;232;224;232m▀[38;2;224;240;240;48;2;192;184;200m▀[38;2;232;248;255;48;2;248;255;255m▀[38;2;224;240;255;48;2;216;232;248m▀[38;2;232;248;255;48;2;176;208;240m▀[38;2;184;200;216;48;2;160;192;216m▀[38;2;192;200;216;48;2;216;248;255m▀[38;2;168;184;200;48;2;168;192;216m▀[38;2;200;232;240;48;2;120;168;208m▀[38;2;224;240;255;48;2;200;224;240m▀[38;2;208;240;255;48;2;224;248;255m▀[38;2;160;192;216;48;2;96;112;136m▀[38;2;8;16;40;48;2;0;0;24m▀[38;2;8;16;32;48;2;8;16;40m▀[38;2;8;16;40;48;2;8;16;40m▀[38;2;8;16;40;48;2;8;16;32m▀[0m
[38;2;192;152;176;48;2;32;32;56m▀[38;2;255;224;240;48;2;208;168;192m▀[38;2;255;224;240;48;2;216;184;208m▀[38;2;255;248;248;48;2;232;208;224m▀[38;2;255;240;248;48;2;216;208;216m▀[38;2;240;216;232;48;2;200;192;200m▀[38;2;200;192;200;48;2;232;240;248m▀[38;2;248;248;248;48;2;255;255;255m▀[38;2;255;255;255;48;2;240;248;255m▀[38;2;224;248;255;48;2;192;224;240m▀[38;2;176;192;208;48;2;176;184;208m▀[38;2;248;248;248;48;2;255;255;255m▀[38;2;255;255;255;48;2;255;255;248m▀[38;2;248;248;248;48;2;248;240;248m▀[38;2;255;248;255;48;2;255;248;248m▀[38;2;255;255;255;48;2;255;248;255m▀[38;2;255;255;255;48;2;255;255;255m▀[38;2;255;255;255;48;2;255;255;255m▀[38;2;255;255;255;48;2;255;255;255m▀[38;2;255;255;255;48;2;255;255;255m▀[38;2;255;255;255;48;2;255;255;255m▀[38;2;248;240;248;48;2;248;248;248m▀[38;2;240;240;240;48;2;232;216;232m▀[38;2;255;248;248;48;2;255;240;248m▀[38;2;255;240;248;48;2;255;240;248m▀[38;2;248;240;240;48;2;240;232;240m▀[38;2;255;248;255;48;2;248;240;248m▀[38;2;168;168;192;48;2;200;192;208m▀[38;2;216;232;240;48;2;184;208;224m▀[38;2;240;255;255;48;2;152;184;208m▀[38;2;200;224;240;48;2;120;144;176m▀[38;2;144;168;192;48;2;112;144;176m▀[38;2;136;176;208;48;2;112;128;176m▀[38;2;112;152;192;48;2;112;128;168m▀[38;2;192;224;240;48;2;112;144;176m▀[38;2;240;255;255;48;2;152;184;208m▀[38;2;232;255;255;48;2;208;232;240m▀[38;2;64;80;112;48;2;104;128;144m▀[38;2;0;0;24;48;2;0;0;8m▀[38;2;8;16;40;48;2;8;16;32m▀[38;2;8;16;40;48;2;8;16;40m▀[38;2;8;16;40;48;2;8;16;32m▀[0m
[38;2;192;200;200;48;2;232;240;248m▀[38;2;232;232;232;48;2;255;255;255m▀[38;2;240;240;240;48;2;240;240;248m▀[38;2;200;200;216;48;2;184;200;224m▀[38;2;216;216;216;48;2;192;208;224m▀[38;2;200;208;224;48;2;184;200;224m▀[38;2;184;208;232;48;2;176;192;216m▀[38;2;208;224;248;48;2;208;224;240m▀[38;2;232;248;255;48;2;240;255;255m▀[38;2;184;208;224;48;2;192;216;232m▀[38;2;192;192;208;48;2;200;200;216m▀[38;2;255;255;255;48;2;255;255;255m▀[38;2;255;255;255;48;2;255;255;255m▀[38;2;240;240;240;48;2;240;240;240m▀[38;2;248;248;248;48;2;248;240;248m▀[38;2;255;248;255;48;2;248;248;248m▀[38;2;255;255;255;48;2;255;255;255m▀[38;2;255;255;255;48;2;255;255;255m▀[38;2;255;255;255;48;2;255;255;255m▀[38;2;255;255;255;48;2;255;248;255m▀[38;2;255;255;255;48;2;255;248;255m▀[38;2;255;248;255;48;2;255;248;255m▀[38;2;216;200;216;48;2;216;200;216m▀[38;2;240;224;240;48;2;216;192;216m▀[38;2;255;248;255;48;2;255;248;255m▀[38;2;248;240;248;48;2;255;248;255m▀[38;2;240;216;232;48;2;216;200;216m▀[38;2;200;192;208;48;2;200;208;216m▀[38;2;144;176;208;48;2;208;240;248m▀[38;2;112;160;200;48;2;208;232;248m▀[38;2;184;208;224;48;2;232;255;255m▀[38;2;208;224;240;48;2;192;208;224m▀[38;2;168;160;200;48;2;184;176;200m▀[38;2;176;168;208;48;2;200;184;216m▀[38;2;128;160;184;48;2;176;184;208m▀[38;2;120;168;200;48;2;224;248;255m▀[38;2;104;152;192;48;2;168;208;232m▀[38;2;152;184;208;48;2;176;224;248m▀[38;2;104;112;128;48;2;248;255;255m▀[38;2;8;8;32;48;2;104;112;120m▀[38;2;8;16;40;48;2;0;0;24m▀[38;2;8;16;32;48;2;8;16;32m▀[0m
[38;2;88;96;120;48;2;16;24;48m▀[38;2;248;255;255;48;2;160;168;176m▀[38;2;255;255;255;48;2;248;248;255m▀[38;2;216;224;240;48;2;152;168;200m▀[38;2;128;144;184;48;2;96;112;160m▀[38;2;144;152;184;48;2;144;136;168m▀[38;2;120;152;192;48;2;176;216;240m▀[38;2;112;152;192;48;2;184;216;232m▀[38;2;152;184;216;48;2;136;160;192m▀[38;2;168;200;224;48;2;136;144;184m▀[38;2;200;200;216;48;2;224;216;232m▀[38;2;255;255;255;48;2;255;255;255m▀[38;2;255;255;255;48;2;255;255;255m▀[38;2;232;224;232;48;2;224;216;224m▀[38;2;248;240;240;48;2;240;232;240m▀[38;2;248;240;240;48;2;240;232;240m▀[38;2;255;248;248;48;2;255;248;248m▀[38;2;255;248;248;48;2;248;240;248m▀[38;2;255;248;248;48;2;255;240;248m▀[38;2;248;240;248;48;2;248;240;248m▀[38;2;255;240;248;48;2;248;232;248m▀[38;2;255;248;255;48;2;255;248;255m▀[38;2;224;208;224;48;2;224;216;224m▀[38;2;176;160;184;48;2;160;136;160m▀[38;2;240;224;240;48;2;208;192;208m▀[38;2;255;248;255;48;2;248;232;248m▀[38;2;224;208;224;48;2;240;216;240m▀[38;2;184;192;200;48;2;216;192;216m▀[38;2;208;224;232;48;2;208;192;216m▀[38;2;216;232;240;48;2;184;176;208m▀[38;2;216;248;255;48;2;184;200;216m▀[38;2;184;200;216;48;2;176;192;208m▀[38;2;208;192;224;48;2;232;216;240m▀[38;2;208;192;224;48;2;200;192;216m▀[38;2;184;176;208;48;2;224;208;232m▀[38;2;192;216;224;48;2;168;176;200m▀[38;2;208;240;255;48;2;192;224;240m▀[38;2;192;232;255;48;2;160;168;192m▀[38;2;176;200;208;48;2;184;168;200m▀[38;2;32;40;56;48;2;72;72;96m▀[38;2;0;8;32;48;2;0;0;24m▀[38;2;8;16;40;48;2;8;16;40m▀[0m
[38;2;24;32;56;48;2;64;80;96m▀[38;2;88;96;112;48;2;224;224;232m▀[38;2;192;200;224;48;2;200;216;224m▀[38;2;144;176;208;48;2;200;224;240m▀[38;2;168;176;208;48;2;184;176;200m▀[38;2;200;192;208;48;2;216;208;216m▀[38;2;216;240;248;48;2;248;255;255m▀[38;2;240;255;255;48;2;208;224;232m▀[38;2;232;248;248;48;2;192;200;216m▀[38;2;200;192;216;48;2;176;176;200m▀[38;2;240;224;240;48;2;240;224;240m▀[38;2;255;255;255;48;2;255;248;255m▀[38;2;255;255;255;48;2;255;248;248m▀[38;2;224;208;224;48;2;208;192;216m▀[38;2;232;224;232;48;2;208;192;208m▀[38;2;240;224;240;48;2;240;216;232m▀[38;2;255;248;248;48;2;248;232;248m▀[38;2;248;240;248;48;2;248;232;240m▀[38;2;255;248;255;48;2;248;240;248m▀[38;2;255;248;248;48;2;255;248;255m▀[38;2;240;240;240;48;2;240;232;240m▀[38;2;255;248;255;48;2;255;240;248m▀[38;2;224;208;224;48;2;216;200;216m▀[38;2;200;160;184;48;2;200;168;192m▀[38;2;208;168;184;48;2;200;160;184m▀[38;2;224;208;224;48;2;184;160;176m▀[38;2;248;224;248;48;2;216;200;216m▀[38;2;224;200;224;48;2;224;200;224m▀[38;2;232;216;232;48;2;208;192;216m▀[38;2;240;224;240;48;2;224;200;224m▀[38;2;208;192;216;48;2;232;208;232m▀[38;2;208;200;216;48;2;248;232;248m▀[38;2;248;232;248;48;2;255;240;255m▀[38;2;192;184;208;48;2;200;184;216m▀[38;2;224;216;232;48;2;208;192;216m▀[38;2;200;192;224;48;2;248;232;248m▀[38;2;160;168;192;48;2;224;208;240m▀[38;2;192;176;208;48;2;216;200;224m▀[38;2;120;112;144;48;2;80;80;112m▀[38;2;184;176;200;48;2;48;48;72m▀[38;2;32;40;64;48;2;152;144;160m▀[38;2;0;8;24;48;2;8;8;32m▀[0m
[38;2;64;64;88;48;2;24;32;56m▀[38;2;216;216;216;48;2;16;32;56m▀[38;2;248;255;255;48;2;192;192;200m▀[38;2;208;224;232;48;2;208;208;224m▀[38;2;208;192;216;48;2;224;200;224m▀[38;2;216;208;216;48;2;240;232;232m▀[38;2;224;224;224;48;2;208;208;216m▀[38;2;192;184;208;48;2;240;216;240m▀[38;2;224;208;232;48;2;255;240;255m▀[38;2;224;208;232;48;2;240;224;240m▀[38;2;240;224;240;48;2;240;224;240m▀[38;2;255;240;255;48;2;255;240;248m▀[38;2;248;232;248;48;2;232;216;240m▀[38;2;200;176;200;48;2;200;160;192m▀[38;2;200;168;192;48;2;208;160;176m▀[38;2;232;216;232;48;2;216;200;216m▀[38;2;240;224;240;48;2;232;216;232m▀[38;2;248;224;240;48;2;255;240;248m▀[38;2;240;224;240;48;2;232;216;232m▀[38;2;255;240;248;48;2;255;240;248m▀[38;2;240;224;240;48;2;240;216;232m▀[38;2;255;240;248;48;2;248;232;240m▀[38;2;224;200;216;48;2;224;208;224m▀[38;2;208;184;200;48;2;208;184;200m▀[38;2;240;224;224;48;2;248;232;232m▀[38;2;224;192;200;48;2;255;255;255m▀[38;2;208;176;192;48;2;240;216;224m▀[38;2;224;200;224;48;2;224;192;208m▀[38;2;200;184;208;48;2;208;176;208m▀[38;2;200;176;208;48;2;200;176;200m▀[38;2;224;208;224;48;2;232;208;232m▀[38;2;248;232;248;48;2;255;240;248m▀[38;2;255;240;248;48;2;248;240;248m▀[38;2;216;200;224;48;2;232;224;240m▀[38;2;176;160;184;48;2;152;136;168m▀[38;2;255;240;255;48;2;224;208;232m▀[38;2;240;232;248;48;2;255;240;255m▀[38;2;208;192;224;48;2;240;224;248m▀[38;2;112;104;136;48;2;96;96;120m▀[38;2;0;0;16;48;2;0;0;24m▀[38;2;88;88;112;48;2;0;8;32m▀[38;2;88;88;112;48;2;104;104;120m▀[0m
[38;2;32;40;64;48;2;8;16;48m▀[38;2;48;56;80;48;2;128;128;144m▀[38;2;216;200;216;48;2;255;255;255m▀[38;2;176;168;192;48;2;216;192;216m▀[38;2;224;208;224;48;2;240;224;232m▀[38;2;240;240;240;48;2;232;224;232m▀[38;2;255;255;255;48;2;255;255;255m▀[38;2;248;240;248;48;2;255;248;248m▀[38;2;255;240;248;48;2;255;248;248m▀[38;2;240;224;232;48;2;240;232;240m▀[38;2;232;216;232;48;2;224;200;224m▀[38;2;248;224;248;48;2;232;208;232m▀[38;2;208;192;216;48;2;200;176;200m▀[38;2;200;160;184;48;2;224;192;200m▀[38;2;232;200;208;48;2;255;255;255m▀[38;2;224;208;216;48;2;232;208;216m▀[38;2;224;208;224;48;2;208;184;200m▀[38;2;255;240;248;48;2;232;208;224m▀[38;2;240;216;232;48;2;248;232;240m▀[38;2;248;232;240;48;2;232;216;232m▀[38;2;240;224;232;48;2;255;240;248m▀[38;2;240;224;232;48;2;216;192;208m▀[38;2;232;208;224;48;2;240;216;224m▀[38;2;208;168;184;48;2;224;184;192m▀[38;2;240;216;216;48;2;152;104;120m▀[38;2;224;192;192;48;2;80;56;80m▀[38;2;160;120;136;48;2;144;136;152m▀[38;2;112;72;88;48;2;56;72;128m▀[38;2;136;88;112;48;2;96;80;120m▀[38;2;192;152;184;48;2;176;112;144m▀[38;2;232;216;232;48;2;208;160;176m▀[38;2;255;240;255;48;2;255;248;255m▀[38;2;248;240;248;48;2;248;240;248m▀[38;2;240;224;240;48;2;240;224;240m▀[38;2;160;152;184;48;2;176;168;200m▀[38;2;192;176;200;48;2;192;176;208m▀[38;2;248;240;248;48;2;224;208;232m▀[38;2;248;232;248;48;2;240;224;240m▀[38;2;184;176;192;48;2;232;216;240m▀[38;2;8;16;40;48;2;136;128;152m▀[38;2;0;8;32;48;2;0;0;24m▀[38;2;24;32;56;48;2;0;16;40m▀[0m
[38;2;16;24;56;48;2;80;88;104m▀[38;2;216;224;224;48;2;255;255;255m▀[38;2;216;216;216;48;2;80;80;104m▀[38;2;208;192;208;48;2;224;216;224m▀[38;2;240;224;240;48;2;240;224;232m▀[38;2;224;216;216;48;2;192;184;192m▀[38;2;248;248;248;48;2;240;240;240m▀[38;2;255;255;255;48;2;255;255;255m▀[38;2;255;240;248;48;2;255;248;248m▀[38;2;248;240;248;48;2;255;240;248m▀[38;2;208;192;208;48;2;208;184;208m▀[38;2;240;216;232;48;2;216;192;224m▀[38;2;192;168;184;48;2;160;112;136m▀[38;2;248;216;224;48;2;144;104;120m▀[38;2;255;240;232;48;2;128;88;112m▀[38;2;248;216;216;48;2;136;96;112m▀[38;2;224;200;208;48;2;176;128;144m▀[38;2;200;168;184;48;2;216;176;192m▀[38;2;248;224;232;48;2;216;184;192m▀[38;2;232;208;224;48;2;240;216;224m▀[38;2;248;232;240;48;2;224;200;208m▀[38;2;216;184;200;48;2;232;208;224m▀[38;2;224;192;200;48;2;224;192;200m▀[38;2;232;176;184;48;2;248;216;224m▀[38;2;104;72;104;48;2;160;168;192m▀[38;2;56;104;168;48;2;104;160;216m▀[38;2;96;160;224;48;2;88;152;208m▀[38;2;72;136;208;48;2;152;192;240m▀[38;2;88;120;168;48;2;128;168;208m▀[38;2;216;168;184;48;2;232;200;208m▀[38;2;224;168;184;48;2;232;208;216m▀[38;2;255;248;255;48;2;255;240;255m▀[38;2;248;232;248;48;2;248;232;248m▀[38;2;240;224;240;48;2;232;216;240m▀[38;2;184;176;200;48;2;192;176;200m▀[38;2;200;192;216;48;2;200;184;216m▀[38;2;216;200;224;48;2;240;232;240m▀[38;2;240;224;248;48;2;216;208;232m▀[38;2;208;192;216;48;2;224;216;232m▀[38;2;224;208;232;48;2;120;120;144m▀[38;2;72;72;96;48;2;216;200;224m▀[38;2;0;0;24;48;2;32;32;56m▀[0m
[38;2;176;176;176;48;2;184;184;192m▀[38;2;160;160;168;48;2;32;48;72m▀[38;2;40;48;72;48;2;64;72;88m▀[38;2;255;255;255;48;2;255;255;248m▀[38;2;200;192;200;48;2;192;184;200m▀[38;2;144;144;152;48;2;144;128;152m▀[38;2;224;224;224;48;2;216;216;216m▀[38;2;255;255;255;48;2;255;255;255m▀[38;2;255;248;248;48;2;248;240;240m▀[38;2;248;240;248;48;2;248;240;248m▀[38;2;216;192;216;48;2;216;184;200m▀[38;2;168;128;160;48;2;160;88;112m▀[38;2;80;48;72;48;2;160;128;160m▀[38;2;56;64;120;48;2;72;104;160m▀[38;2;56;88;144;48;2;96;160;216m▀[38;2;144;160;192;48;2;64;144;216m▀[38;2;64;64;120;48;2;88;160;216m▀[38;2;200;168;184;48;2;176;184;208m▀[38;2;232;216;216;48;2;255;248;240m▀[38;2;240;224;224;48;2;255;240;240m▀[38;2;240;208;216;48;2;255;240;240m▀[38;2;232;200;208;48;2;255;240;240m▀[38;2;240;224;224;48;2;255;240;240m▀[38;2;255;248;240;48;2;255;240;240m▀[38;2;216;208;224;48;2;255;232;240m▀[38;2;184;184;224;48;2;240;216;224m▀[38;2;232;224;240;48;2;248;208;224m▀[38;2;232;208;240;48;2;240;200;216m▀[38;2;216;216;224;48;2;248;216;224m▀[38;2;240;208;208;48;2;232;192;200m▀[38;2;224;200;216;48;2;216;208;216m▀[38;2;240;224;240;48;2;216;200;224m▀[38;2;248;240;248;48;2;255;240;248m▀[38;2;216;200;224;48;2;200;184;208m▀[38;2;192;176;200;48;2;192;184;208m▀[38;2;184;168;200;48;2;160;144;184m▀[38;2;255;240;255;48;2;248;232;248m▀[38;2;232;216;240;48;2;255;240;248m▀[38;2;240;224;248;48;2;224;208;232m▀[38;2;112;112;136;48;2;192;184;208m▀[38;2;120;112;136;48;2;48;48;72m▀[38;2;208;200;216;48;2;112;112;128m▀[0m
[38;2;112;112;128;48;2;32;40;64m▀[38;2;16;24;48;48;2;24;40;64m▀[38;2;128;136;152;48;2;216;216;216m▀[38;2;255;248;248;48;2;248;232;240m▀[38;2;216;192;208;48;2;232;216;224m▀[38;2;192;168;192;48;2;224;200;216m▀[38;2;240;232;240;48;2;224;216;224m▀[38;2;255;255;255;48;2;255;255;255m▀[38;2;255;248;248;48;2;255;248;248m▀[38;2;248;232;240;48;2;248;232;240m▀[38;2;224;208;224;48;2;240;224;232m▀[38;2;200;128;152;48;2;216;192;200m▀[38;2;248;208;224;48;2;240;208;216m▀[38;2;136;168;208;48;2;240;232;240m▀[38;2;160;192;240;48;2;208;200;224m▀[38;2;168;192;224;48;2;255;224;240m▀[38;2;208;208;240;48;2;240;208;224m▀[38;2;208;200;224;48;2;248;216;224m▀[38;2;255;240;240;48;2;255;224;232m▀[38;2;255;232;240;48;2;255;224;232m▀[38;2;255;232;240;48;2;255;240;240m▀[38;2;255;232;240;48;2;255;240;240m▀[38;2;255;232;240;48;2;255;224;232m▀[38;2;255;224;232;48;2;255;224;232m▀[38;2;255;224;224;48;2;255;208;224m▀[38;2;255;208;216;48;2;255;192;208m▀[38;2;255;192;208;48;2;255;192;200m▀[38;2;255;192;208;48;2;255;192;208m▀[38;2;248;184;200;48;2;240;192;208m▀[38;2;232;200;208;48;2;176;160;176m▀[38;2;192;184;200;48;2;176;152;192m▀[38;2;224;208;232;48;2;240;224;240m▀[38;2;248;232;248;48;2;240;232;240m▀[38;2;192;176;200;48;2;184;168;192m▀[38;2;208;192;216;48;2;192;184;208m▀[38;2;144;128;176;48;2;152;136;184m▀[38;2;216;208;232;48;2;176;168;208m▀[38;2;255;248;255;48;2;255;240;255m▀[38;2;240;224;240;48;2;255;240;255m▀[38;2;200;184;216;48;2;232;216;232m▀[38;2;72;80;96;48;2;80;80;112m▀[38;2;32;40;64;48;2;32;40;64m▀[0m
[38;2;8;24;48;48;2;120;120;136m▀[38;2;136;144;152;48;2;184;184;184m▀[38;2;208;200;208;48;2;80;80;104m▀[38;2;224;216;224;48;2;240;240;240m▀[38;2;248;232;240;48;2;248;232;240m▀[38;2;240;216;224;48;2;240;216;232m▀[38;2;224;208;216;48;2;208;192;208m▀[38;2;255;255;255;48;2;240;240;240m▀[38;2;255;248;248;48;2;255;248;248m▀[38;2;248;232;240;48;2;248;240;248m▀[38;2;248;232;240;48;2;224;200;216m▀[38;2;224;208;224;48;2;240;224;232m▀[38;2;200;176;184;48;2;200;184;192m▀[38;2;240;208;216;48;2;200;160;168m▀[38;2;255;208;216;48;2;255;192;200m▀[38;2;248;192;208;48;2;255;184;200m▀[38;2;248;192;208;48;2;255;184;200m▀[38;2;255;208;216;48;2;255;192;208m▀[38;2;255;216;224;48;2;255;216;224m▀[38;2;255;224;232;48;2;255;224;232m▀[38;2;255;232;240;48;2;255;232;240m▀[38;2;255;232;240;48;2;255;240;240m▀[38;2;255;232;240;48;2;255;240;240m▀[38;2;255;224;232;48;2;255;232;240m▀[38;2;255;224;224;48;2;255;232;240m▀[38;2;255;208;216;48;2;255;224;232m▀[38;2;255;208;216;48;2;255;224;232m▀[38;2;240;200;208;48;2;255;240;240m▀[38;2;240;200;208;48;2;192;176;184m▀[38;2;136;112;136;48;2;112;96;136m▀[38;2;192;168;200;48;2;216;200;216m▀[38;2;255;240;248;48;2;255;248;255m▀[38;2;232;224;232;48;2;240;224;240m▀[38;2;192;184;208;48;2;192;184;208m▀[38;2;176;168;192;48;2;160;152;184m▀[38;2;160;144;192;48;2;144;136;176m▀[38;2;152;144;192;48;2;176;160;208m▀[38;2;224;216;232;48;2;184;168;200m▀[38;2;255;248;255;48;2;255;240;248m▀[38;2;255;240;255;48;2;255;248;255m▀[38;2;160;152;176;48;2;232;224;240m▀[38;2;0;8;32;48;2;128;120;144m▀[0m
[38;2;120;128;136;48;2;8;16;48m▀[38;2;64;64;88;48;2;64;72;88m▀[38;2;112;112;128;48;2;144;152;160m▀[38;2;255;255;255;48;2;255;255;255m▀[38;2;248;232;240;48;2;248;240;240m▀[38;2;240;216;240;48;2;248;224;240m▀[38;2;208;184;200;48;2;192;168;192m▀[38;2;224;216;224;48;2;192;176;192m▀[38;2;248;240;248;48;2;224;216;224m▀[38;2;255;248;255;48;2;255;248;255m▀[38;2;224;208;224;48;2;255;240;255m▀[38;2;192;176;192;48;2;224;200;224m▀[38;2;192;176;192;48;2;160;144;160m▀[38;2;208;184;200;48;2;104;120;152m▀[38;2;240;192;200;48;2;128;128;160m▀[38;2;248;184;200;48;2;232;192;200m▀[38;2;255;192;200;48;2;255;232;232m▀[38;2;255;208;216;48;2;255;232;240m▀[38;2;255;224;232;48;2;255;240;240m▀[38;2;255;232;240;48;2;240;224;232m▀[38;2;248;224;232;48;2;216;208;208m▀[38;2;224;200;200;48;2;232;208;208m▀[38;2;232;208;216;48;2;200;168;176m▀[38;2;255;248;248;48;2;208;184;192m▀[38;2;255;240;240;48;2;232;208;216m▀[38;2;255;240;248;48;2;224;216;224m▀[38;2;255;240;240;48;2;176;160;176m▀[38;2;208;192;208;48;2;176;160;192m▀[38;2;128;112;152;48;2;184;168;200m▀[38;2;160;144;176;48;2;144;136;160m▀[38;2;232;224;224;48;2;232;224;224m▀[38;2;255;240;248;48;2;248;232;240m▀[38;2;248;232;248;48;2;240;232;240m▀[38;2;168;160;192;48;2;144;152;184m▀[38;2;168;160;184;48;2;160;152;176m▀[38;2;152;144;176;48;2;200;184;216m▀[38;2;168;160;192;48;2;200;192;216m▀[38;2;168;152;192;48;2;160;152;184m▀[38;2;216;208;224;48;2;192;176;200m▀[38;2;255;240;248;48;2;232;224;232m▀[38;2;255;255;255;48;2;255;248;255m▀[38;2;216;200;224;48;2;248;240;248m▀[0m
[38;2;24;32;56;48;2;48;56;72m▀[38;2;72;72;96;48;2;128;136;144m▀[38;2;224;224;224;48;2;240;240;240m▀[38;2;255;255;255;48;2;255;255;255m▀[38;2;248;240;248;48;2;255;240;248m▀[38;2;240;216;240;48;2;216;192;216m▀[38;2;152;128;160;48;2;160;136;160m▀[38;2;160;160;168;48;2;208;192;208m▀[38;2;184;168;184;48;2;168;160;176m▀[38;2;240;224;240;48;2;208;192;208m▀[38;2;255;248;255;48;2;255;240;248m▀[38;2;240;224;240;48;2;255;240;248m▀[38;2;232;208;224;48;2;240;216;240m▀[38;2;160;152;184;48;2;216;184;208m▀[38;2;96;128;176;48;2;144;152;192m▀[38;2;152;152;176;48;2;120;152;192m▀[38;2;200;184;200;48;2;176;152;192m▀[38;2;224;216;216;48;2;184;160;192m▀[38;2;240;224;224;48;2;160;144;168m▀[38;2;216;200;200;48;2;224;224;216m▀[38;2;240;224;216;48;2;248;240;232m▀[38;2;248;232;224;48;2;232;216;208m▀[38;2;240;216;216;48;2;248;240;232m▀[38;2;192;136;152;48;2;216;184;192m▀[38;2;224;184;192;48;2;216;168;176m▀[38;2;208;192;192;48;2;240;216;216m▀[38;2;168;152;184;48;2;216;200;200m▀[38;2;192;184;216;48;2;168;152;176m▀[38;2;152;136;168;48;2;160;144;184m▀[38;2;152;144;176;48;2;192;184;208m▀[38;2;240;240;240;48;2;232;224;232m▀[38;2;240;224;240;48;2;240;224;240m▀[38;2;224;208;232;48;2;184;176;208m▀[38;2;128;136;176;48;2;128;144;176m▀[38;2;176;168;192;48;2;208;192;208m▀[38;2;208;192;232;48;2;216;208;224m▀[38;2;216;200;232;48;2;216;200;232m▀[38;2;184;176;208;48;2;208;192;224m▀[38;2;176;160;192;48;2;168;152;192m▀[38;2;216;200;216;48;2;200;184;208m▀[38;2;248;232;248;48;2;232;216;240m▀[38;2;255;240;255;48;2;248;240;248m▀[0m
[38;2;120;120;136;48;2;72;72;96m▀[38;2;128;128;144;48;2;128;128;144m▀[38;2;240;240;240;48;2;255;255;255m▀[38;2;255;255;255;48;2;255;240;248m▀[38;2;255;240;248;48;2;240;216;232m▀[38;2;184;160;184;48;2;168;144;176m▀[38;2;200;176;200;48;2;224;200;224m▀[38;2;224;200;224;48;2;232;216;232m▀[38;2;184;168;192;48;2;184;168;184m▀[38;2;184;160;192;48;2;192;160;192m▀[38;2;240;232;240;48;2;216;216;216m▀[38;2;255;240;248;48;2;240;232;240m▀[38;2;248;232;240;48;2;248;240;248m▀[38;2;208;184;208;48;2;224;200;224m▀[38;2;184;160;192;48;2;176;152;176m▀[38;2;120;152;192;48;2;144;160;184m▀[38;2;160;160;200;48;2;144;160;200m▀[38;2;200;176;216;48;2;192;176;208m▀[38;2;192;176;200;48;2;168;152;176m▀[38;2;248;248;240;48;2;240;240;232m▀[38;2;248;240;232;48;2;255;255;255m▀[38;2;248;240;232;48;2;248;240;232m▀[38;2;232;224;224;48;2;232;224;216m▀[38;2;232;216;216;48;2;248;232;232m▀[38;2;224;184;192;48;2;216;176;176m▀[38;2;240;216;224;48;2;240;224;224m▀[38;2;248;232;232;48;2;248;224;224m▀[38;2;208;184;192;48;2;248;232;232m▀[38;2;168;144;184;48;2;176;152;184m▀[38;2;200;192;208;48;2;208;192;216m▀[38;2;232;224;240;48;2;240;224;240m▀[38;2;240;224;240;48;2;200;192;208m▀[38;2;136;144;184;48;2;112;136;176m▀[38;2;160;160;184;48;2;176;168;184m▀[38;2;224;208;224;48;2;240;232;240m▀[38;2;248;240;248;48;2;255;248;255m▀[38;2;232;216;240;48;2;240;224;240m▀[38;2;216;200;232;48;2;224;208;232m▀[38;2;160;152;184;48;2;184;176;208m▀[38;2;176;168;192;48;2;168;160;184m▀[38;2;184;168;192;48;2;184;168;200m▀[38;2;240;224;240;48;2;192;176;208m▀[0m
[38;2;48;56;72;48;2;96;96;112m▀[38;2;224;224;224;48;2;255;255;255m▀[38;2;255;255;255;48;2;255;240;248m▀[38;2;255;240;255;48;2;240;224;240m▀[38;2;200;176;208;48;2;168;144;176m▀[38;2;160;144;168;48;2;184;168;192m▀[38;2;248;240;240;48;2;255;255;255m▀[38;2;255;255;255;48;2;255;255;255m▀[38;2;200;200;200;48;2;232;232;232m▀[38;2;200;176;200;48;2;184;168;184m▀[38;2;208;184;208;48;2;216;192;216m▀[38;2;224;224;224;48;2;224;224;224m▀[38;2;208;200;208;48;2;184;176;192m▀[38;2;248;232;248;48;2;224;208;224m▀[38;2;184;160;192;48;2;216;192;224m▀[38;2;144;136;168;48;2;160;144;176m▀[38;2;120;160;192;48;2;136;160;192m▀[38;2;192;176;216;48;2;176;168;208m▀[38;2;184;168;208;48;2;192;176;216m▀[38;2;224;216;216;48;2;208;192;200m▀[38;2;255;248;240;48;2;255;240;240m▀[38;2;255;248;240;48;2;255;232;232m▀[38;2;255;255;248;48;2;255;240;240m▀[38;2;208;168;176;48;2;208;168;184m▀[38;2;224;176;192;48;2;240;224;224m▀[38;2;240;232;232;48;2;240;224;224m▀[38;2;248;232;232;48;2;248;232;232m▀[38;2;232;216;216;48;2;224;200;208m▀[38;2;176;160;192;48;2;176;160;192m▀[38;2;208;192;216;48;2;200;184;216m▀[38;2;232;216;232;48;2;224;208;224m▀[38;2;144;152;184;48;2;152;152;184m▀[38;2;128;136;168;48;2;152;144;176m▀[38;2;200;184;200;48;2;208;192;224m▀[38;2;240;232;248;48;2;224;208;232m▀[38;2;232;216;240;48;2;240;224;240m▀[38;2;224;216;240;48;2;248;232;248m▀[38;2;224;208;240;48;2;248;232;248m▀[38;2;248;232;248;48;2;255;248;255m▀[38;2;184;168;192;48;2;192;184;208m▀[38;2;208;200;224;48;2;208;192;216m▀[38;2;200;184;216;48;2;248;240;248m▀[0m
[38;2;208;216;216;48;2;255;240;248m▀[38;2;255;248;255;48;2;255;240;255m▀[38;2;255;240;248;48;2;240;224;232m▀[38;2;208;192;208;48;2;200;176;208m▀[38;2;176;152;184;48;2;176;160;184m▀[38;2;192;184;200;48;2;208;208;208m▀[38;2;255;255;255;48;2;240;240;240m▀[38;2;255;255;255;48;2;255;255;255m▀[38;2;255;255;255;48;2;248;240;248m▀[38;2;200;192;200;48;2;232;224;232m▀[38;2;216;200;216;48;2;216;208;216m▀[38;2;216;208;216;48;2;224;224;224m▀[38;2;224;208;224;48;2;216;208;216m▀[38;2;168;152;184;48;2;192;176;208m▀[38;2;208;192;216;48;2;160;144;176m▀[38;2;200;176;208;48;2;224;200;224m▀[38;2;168;176;200;48;2;184;176;200m▀[38;2;192;200;216;48;2;184;200;208m▀[38;2;216;200;232;48;2;240;232;240m▀[38;2;192;176;200;48;2;160;144;168m▀[38;2;255;232;232;48;2;232;200;208m▀[38;2;255;232;232;48;2;255;240;240m▀[38;2;255;240;240;48;2;255;232;240m▀[38;2;232;208;208;48;2;248;224;224m▀[38;2;200;144;160;48;2;208;160;176m▀[38;2;255;232;240;48;2;255;232;240m▀[38;2;255;240;240;48;2;248;224;232m▀[38;2;208;184;200;48;2;192;176;200m▀[38;2;192;176;208;48;2;208;200;232m▀[38;2;192;176;208;48;2;184;168;200m▀[38;2;200;192;208;48;2;152;144;168m▀[38;2;160;160;192;48;2;144;160;192m▀[38;2;192;176;200;48;2;176;168;192m▀[38;2;192;184;208;48;2;224;208;224m▀[38;2;248;232;240;48;2;248;232;240m▀[38;2;248;240;248;48;2;224;208;232m▀[38;2;240;232;240;48;2;224;208;232m▀[38;2;255;240;248;48;2;248;232;248m▀[38;2;255;248;255;48;2;255;240;255m▀[38;2;200;192;208;48;2;192;184;200m▀[38;2;200;184;208;48;2;200;184;216m▀[38;2;255;240;255;48;2;248;232;248m▀[0m
[38;2;248;224;240;48;2;248;224;240m▀[38;2;248;232;248;48;2;224;208;232m▀[38;2;224;200;224;48;2;240;216;240m▀[38;2;200;176;208;48;2;136;120;152m▀[38;2;176;160;184;48;2;200;176;208m▀[38;2;232;232;232;48;2;224;216;224m▀[38;2;240;240;240;48;2;255;255;255m▀[38;2;248;248;248;48;2;224;224;224m▀[38;2;255;255;255;48;2;255;248;248m▀[38;2;248;232;248;48;2;248;255;248m▀[38;2;224;208;224;48;2;232;216;232m▀[38;2;224;216;224;48;2;216;208;216m▀[38;2;192;184;200;48;2;184;168;184m▀[38;2;224;208;232;48;2;232;208;232m▀[38;2;176;160;192;48;2;208;192;224m▀[38;2;192;176;200;48;2;152;136;168m▀[38;2;224;216;224;48;2;208;200;208m▀[38;2;176;192;208;48;2;184;192;208m▀[38;2;216;208;216;48;2;192;184;200m▀[38;2;224;216;224;48;2;240;240;240m▀[38;2;232;208;224;48;2;255;248;255m▀[38;2;232;208;216;48;2;224;208;224m▀[38;2;255;232;240;48;2;216;192;208m▀[38;2;248;216;224;48;2;192;168;192m▀[38;2;224;200;208;48;2;200;160;184m▀[38;2;255;248;248;48;2;240;216;224m▀[38;2;208;184;192;48;2;208;192;208m▀[38;2;184;168;200;48;2;168;160;192m▀[38;2;248;232;255;48;2;240;232;240m▀[38;2;192;176;200;48;2;200;184;208m▀[38;2;160;152;184;48;2;152;144;184m▀[38;2;152;152;176;48;2;152;152;168m▀[38;2;184;176;200;48;2;192;176;200m▀[38;2;224;208;240;48;2;200;184;216m▀[38;2;208;200;224;48;2;192;176;208m▀[38;2;192;184;216;48;2;224;216;232m▀[38;2;224;208;232;48;2;240;232;248m▀[38;2;255;240;255;48;2;255;248;255m▀[38;2;248;240;248;48;2;224;216;224m▀[38;2;176;160;184;48;2;168;152;184m▀[38;2;200;176;216;48;2;200;176;208m▀[38;2;240;224;240;48;2;248;224;240m▀[0m
[38;2;224;200;224;48;2;200;176;208m▀[38;2;232;208;232;48;2;240;216;240m▀[38;2;176;160;184;48;2;48;56;80m▀[38;2;88;88;112;48;2;128;120;144m▀[38;2;240;216;240;48;2;255;232;255m▀[38;2;208;200;208;48;2;208;200;208m▀[38;2;255;255;255;48;2;255;255;248m▀[38;2;240;240;240;48;2;255;255;255m▀[38;2;232;216;224;48;2;248;240;240m▀[38;2;248;240;248;48;2;240;224;240m▀[38;2;240;240;240;48;2;255;232;248m▀[38;2;224;216;224;48;2;224;208;224m▀[38;2;176;152;184;48;2;176;152;192m▀[38;2;216;192;216;48;2;216;192;216m▀[38;2;224;208;232;48;2;232;216;240m▀[38;2;168;144;184;48;2;168;152;184m▀[38;2;160;160;184;48;2;152;152;176m▀[38;2;184;192;200;48;2;240;240;240m▀[38;2;224;216;224;48;2;255;255;255m▀[38;2;255;240;248;48;2;255;248;248m▀[38;2;240;232;240;48;2;248;224;240m▀[38;2;248;232;248;48;2;240;224;240m▀[38;2;240;232;248;48;2;255;240;255m▀[38;2;192;176;208;48;2;184;168;208m▀[38;2;176;152;192;48;2;200;192;216m▀[38;2;224;200;224;48;2;232;224;240m▀[38;2;232;216;240;48;2;232;216;240m▀[38;2;112;136;168;48;2;160;160;192m▀[38;2;128;160;192;48;2;80;120;160m▀[38;2;176;168;184;48;2;112;128;168m▀[38;2;152;152;184;48;2;152;160;184m▀[38;2;128;144;176;48;2;128;144;184m▀[38;2;168;152;176;48;2;216;208;216m▀[38;2;216;200;224;48;2;255;255;255m▀[38;2;248;240;248;48;2;248;232;248m▀[38;2;240;224;240;48;2;224;208;232m▀[38;2;224;208;232;48;2;248;240;248m▀[38;2;248;240;248;48;2;248;240;248m▀[38;2;208;200;216;48;2;224;208;240m▀[38;2;192;184;216;48;2;224;216;240m▀[38;2;144;128;160;48;2;104;104;128m▀[38;2;248;224;240;48;2;216;192;216m▀[0m
[38;2;216;192;216;48;2;176;160;176m▀[38;2;144;144;160;48;2;32;48;72m▀[38;2;8;16;40;48;2;48;56;80m▀[38;2;184;176;192;48;2;216;200;216m▀[38;2;255;224;248;48;2;248;216;240m▀[38;2;200;184;208;48;2;184;168;192m▀[38;2;240;240;240;48;2;232;232;232m▀[38;2;255;255;255;48;2;255;248;248m▀[38;2;255;255;255;48;2;255;240;248m▀[38;2;248;240;248;48;2;255;248;248m▀[38;2;224;208;224;48;2;248;232;248m▀[38;2;208;192;216;48;2;255;240;255m▀[38;2;224;208;224;48;2;232;216;232m▀[38;2;208;192;208;48;2;208;192;216m▀[38;2;240;224;240;48;2;224;208;232m▀[38;2;160;144;176;48;2;120;120;152m▀[38;2;224;216;224;48;2;184;192;208m▀[38;2;255;255;255;48;2;255;255;255m▀[38;2;255;255;255;48;2;255;255;255m▀[38;2;255;248;248;48;2;255;240;248m▀[38;2;255;232;248;48;2;255;232;248m▀[38;2;248;240;248;48;2;248;232;248m▀[38;2;255;240;255;48;2;248;240;255m▀[38;2;200;184;208;48;2;208;200;224m▀[38;2;200;192;216;48;2;200;192;216m▀[38;2;255;240;255;48;2;255;240;255m▀[38;2;248;232;248;48;2;248;240;248m▀[38;2;224;208;240;48;2;224;216;240m▀[38;2;160;160;200;48;2;216;208;240m▀[38;2;152;152;184;48;2;232;224;240m▀[38;2;136;136;168;48;2;160;144;176m▀[38;2;200;192;224;48;2;208;192;216m▀[38;2;240;224;240;48;2;224;216;224m▀[38;2;224;208;224;48;2;232;224;232m▀[38;2;224;208;224;48;2;255;240;248m▀[38;2;240;232;240;48;2;255;248;255m▀[38;2;255;248;255;48;2;248;240;248m▀[38;2;248;240;248;48;2;240;232;248m▀[38;2;240;232;248;48;2;232;224;240m▀[38;2;255;248;255;48;2;224;216;240m▀[38;2;104;96;128;48;2;48;48;80m▀[38;2;168;152;176;48;2;120;112;136m▀[0m
[38;2;56;64;80;48;2;24;32;56m▀[38;2;16;32;56;48;2;16;24;56m▀[38;2;80;88;104;48;2;144;152;160m▀[38;2;240;224;240;48;2;248;224;248m▀[38;2;232;208;232;48;2;216;192;216m▀[38;2;176;152;176;48;2;176;160;184m▀[38;2;232;224;232;48;2;216;208;216m▀[38;2;255;255;255;48;2;255;255;255m▀[38;2;248;240;248;48;2;248;240;240m▀[38;2;248;240;248;48;2;240;224;240m▀[38;2;248;232;248;48;2;248;232;248m▀[38;2;240;224;248;48;2;216;208;224m▀[38;2;208;192;208;48;2;192;176;200m▀[38;2;216;200;224;48;2;200;184;208m▀[38;2;176;160;192;48;2;176;160;192m▀[38;2;128;128;168;48;2;160;160;192m▀[38;2;128;144;176;48;2;144;144;168m▀[38;2;224;216;224;48;2;224;176;192m▀[38;2;255;255;255;48;2;208;184;192m▀[38;2;255;248;248;48;2;232;216;224m▀[38;2;255;240;248;48;2;240;224;232m▀[38;2;248;240;248;48;2;240;232;240m▀[38;2;248;240;255;48;2;255;240;255m▀[38;2;216;200;224;48;2;200;192;208m▀[38;2;200;192;216;48;2;200;192;216m▀[38;2;255;240;255;48;2;255;240;255m▀[38;2;248;232;248;48;2;248;240;248m▀[38;2;248;232;248;48;2;255;240;255m▀[38;2;240;224;248;48;2;240;224;240m▀[38;2;200;192;216;48;2;144;136;160m▀[38;2;168;160;184;48;2;96;96;136m▀[38;2;224;208;232;48;2;96;104;144m▀[38;2;255;255;255;48;2;176;176;192m▀[38;2;255;240;255;48;2;224;216;240m▀[38;2;240;224;240;48;2;224;216;248m▀[38;2;224;216;240;48;2;224;216;240m▀[38;2;224;216;240;48;2;248;240;248m▀[38;2;224;216;240;48;2;255;240;248m▀[38;2;224;216;240;48;2;255;248;255m▀[38;2;200;192;224;48;2;192;184;208m▀[38;2;16;24;56;48;2;0;8;32m▀[38;2;80;80;112;48;2;80;80;104m▀[0m
[38;2;32;48;64;48;2;24;32;56m▀[38;2;24;32;64;48;2;40;48;72m▀[38;2;192;192;200;48;2;224;216;224m▀[38;2;248;224;240;48;2;240;208;240m▀[38;2;192;168;192;48;2;128;112;144m▀[38;2;192;168;200;48;2;160;144;168m▀[38;2;208;192;208;48;2;224;208;224m▀[38;2;255;255;255;48;2;255;248;255m▀[38;2;255;248;248;48;2;240;224;240m▀[38;2;232;224;240;48;2;240;224;240m▀[38;2;208;192;208;48;2;255;240;248m▀[38;2;184;168;192;48;2;255;248;255m▀[38;2;200;184;208;48;2;208;200;224m▀[38;2;208;200;224;48;2;112;112;144m▀[38;2;176;160;192;48;2;56;64;120m▀[38;2;144;128;168;48;2;72;72;112m▀[38;2;168;168;176;48;2;232;232;232m▀[38;2;255;255;255;48;2;255;255;255m▀[38;2;248;208;216;48;2;255;248;248m▀[38;2;224;168;192;48;2;255;232;232m▀[38;2;224;168;184;48;2;255;224;232m▀[38;2;216;160;184;48;2;248;208;216m▀[38;2;168;144;168;48;2;160;144;176m▀[38;2;168;160;192;48;2;168;160;200m▀[38;2;232;224;248;48;2;184;152;176m▀[38;2;240;232;248;48;2;216;176;192m▀[38;2;240;232;248;48;2;208;168;192m▀[38;2;216;200;216;48;2;232;176;192m▀[38;2;208;168;184;48;2;255;208;224m▀[38;2;160;128;152;48;2;240;224;224m▀[38;2;112;112;152;48;2;192;184;200m▀[38;2;104;104;144;48;2;216;200;224m▀[38;2;72;80;128;48;2;168;160;192m▀[38;2;128;128;168;48;2;88;96;136m▀[38;2;192;184;208;48;2;56;64;112m▀[38;2;240;224;240;48;2;176;160;184m▀[38;2;255;240;248;48;2;224;208;232m▀[38;2;255;240;248;48;2;248;232;248m▀[38;2;255;255;255;48;2;255;240;255m▀[38;2;176;176;192;48;2;136;128;152m▀[38;2;0;0;24;48;2;0;0;16m▀[38;2;64;64;88;48;2;104;96;120m▀[0m
[38;2;24;40;64;48;2;24;32;56m▀[38;2;64;72;96;48;2;64;80;96m▀[38;2;232;224;232;48;2;224;216;232m▀[38;2;232;208;232;48;2;200;184;208m▀[38;2;88;80;104;48;2;96;96;120m▀[38;2;144;136;152;48;2;255;255;248m▀[38;2;192;176;192;48;2;240;240;232m▀[38;2;232;208;232;48;2;208;200;208m▀[38;2;224;200;224;48;2;240;232;224m▀[38;2;208;200;208;48;2;240;232;232m▀[38;2;192;176;208;48;2;96;88;128m▀[38;2;160;152;176;48;2;112;112;160m▀[38;2;112;112;160;48;2;80;88;136m▀[38;2;64;80;128;48;2;136;128;168m▀[38;2;96;96;136;48;2;208;200;208m▀[38;2;192;192;200;48;2;255;255;248m▀[38;2;255;255;255;48;2;255;255;248m▀[38;2;255;255;248;48;2;255;240;240m▀[38;2;255;232;240;48;2;255;224;232m▀[38;2;255;224;232;48;2;255;232;240m▀[38;2;255;232;240;48;2;255;232;240m▀[38;2;240;224;224;48;2;224;208;216m▀[38;2;168;160;192;48;2;168;160;192m▀[38;2;184;176;216;48;2;192;184;224m▀[38;2;184;160;176;48;2;176;168;192m▀[38;2;255;224;232;48;2;248;232;240m▀[38;2;255;224;232;48;2;255;232;240m▀[38;2;255;224;232;48;2;255;232;240m▀[38;2;255;232;240;48;2;255;232;240m▀[38;2;255;240;240;48;2;255;232;240m▀[38;2;224;200;208;48;2;255;232;240m▀[38;2;208;192;208;48;2;208;184;192m▀[38;2;224;208;240;48;2;216;200;224m▀[38;2;176;168;192;48;2;240;224;248m▀[38;2;96;96;136;48;2;144;144;176m▀[38;2;184;184;208;48;2;128;128;176m▀[38;2;232;216;232;48;2;192;184;208m▀[38;2;240;224;240;48;2;168;160;184m▀[38;2;200;176;216;48;2;176;168;192m▀[38;2;96;88;120;48;2;192;192;200m▀[38;2;40;40;64;48;2;184;176;184m▀[38;2;232;208;240;48;2;216;200;224m▀[0m
[38;2;72;72;96;48;2;192;176;200m▀[38;2;56;64;88;48;2;48;48;80m▀[38;2;224;208;224;48;2;200;176;208m▀[38;2;176;160;192;48;2;192;176;200m▀[38;2;48;56;80;48;2;16;16;40m▀[38;2;240;240;232;48;2;160;160;160m▀[38;2;255;248;248;48;2;255;255;255m▀[38;2;224;224;224;48;2;208;200;216m▀[38;2;216;208;216;48;2;112;112;160m▀[38;2;160;160;192;48;2;152;152;184m▀[38;2;104;104;152;48;2;184;176;208m▀[38;2;88;96;136;48;2;208;208;216m▀[38;2;160;152;176;48;2;255;255;255m▀[38;2;208;192;208;48;2;208;200;208m▀[38;2;240;232;224;48;2;255;255;240m▀[38;2;255;255;248;48;2;255;255;248m▀[38;2;255;248;240;48;2;255;232;232m▀[38;2;255;224;232;48;2;255;224;232m▀[38;2;255;224;232;48;2;255;224;232m▀[38;2;255;232;240;48;2;255;224;240m▀[38;2;255;232;240;48;2;255;240;248m▀[38;2;216;192;208;48;2;176;160;184m▀[38;2;176;160;200;48;2;72;80;120m▀[38;2;176;168;208;48;2;80;96;136m▀[38;2;168;152;184;48;2;80;88;120m▀[38;2;240;216;224;48;2;208;192;200m▀[38;2;255;232;240;48;2;255;240;248m▀[38;2;255;232;240;48;2;255;232;240m▀[38;2;255;232;240;48;2;255;232;240m▀[38;2;255;224;240;48;2;255;224;240m▀[38;2;255;232;240;48;2;255;224;240m▀[38;2;248;224;224;48;2;255;232;240m▀[38;2;176;160;176;48;2;216;176;184m▀[38;2;232;216;240;48;2;168;120;152m▀[38;2;216;200;224;48;2;176;168;208m▀[38;2;152;144;184;48;2;232;208;232m▀[38;2;88;96;144;48;2;152;144;176m▀[38;2;88;112;160;48;2;112;136;184m▀[38;2;160;192;224;48;2;232;240;248m▀[38;2;255;255;255;48;2;240;232;224m▀[38;2;240;232;232;48;2;208;192;216m▀[38;2;192;176;208;48;2;160;144;176m▀[0m
[38;2;248;224;248;48;2;128;120;144m▀[38;2;168;152;176;48;2;192;176;208m▀[38;2;168;152;176;48;2;184;168;192m▀[38;2;176;152;184;48;2;168;152;176m▀[38;2;0;0;8;48;2;144;144;152m▀[38;2;64;64;88;48;2;240;240;240m▀[38;2;224;216;224;48;2;184;176;192m▀[38;2;200;192;208;48;2;208;208;208m▀[38;2;184;176;192;48;2;255;255;255m▀[38;2;255;240;248;48;2;248;240;248m▀[38;2;224;208;224;48;2;176;152;192m▀[38;2;248;248;248;48;2;208;192;216m▀[38;2;240;248;240;48;2;184;144;176m▀[38;2;216;216;216;48;2;232;216;224m▀[38;2;255;255;248;48;2;255;255;248m▀[38;2;255;240;240;48;2;255;224;232m▀[38;2;255;224;232;48;2;255;224;232m▀[38;2;255;224;232;48;2;255;224;232m▀[38;2;255;224;232;48;2;255;224;232m▀[38;2;255;224;240;48;2;255;224;232m▀[38;2;255;240;248;48;2;255;232;240m▀[38;2;152;144;168;48;2;112;112;144m▀[38;2;56;80;128;48;2;96;96;144m▀[38;2;80;120;160;48;2;128;128;176m▀[38;2;56;80;120;48;2;80;88;136m▀[38;2;176;160;176;48;2;128;128;160m▀[38;2;255;240;248;48;2;255;232;240m▀[38;2;255;224;240;48;2;255;232;240m▀[38;2;255;224;240;48;2;255;224;240m▀[38;2;255;224;240;48;2;255;224;240m▀[38;2;255;224;240;48;2;255;224;240m▀[38;2;255;224;232;48;2;255;224;232m▀[38;2;248;216;224;48;2;255;224;232m▀[38;2;208;144;168;48;2;232;192;200m▀[38;2;184;152;184;48;2;224;160;176m▀[38;2;216;208;224;48;2;160;136;168m▀[38;2;240;224;240;48;2;208;192;216m▀[38;2;176;168;192;48;2;200;184;216m▀[38;2;200;192;208;48;2;232;216;240m▀[38;2;176;160;184;48;2;128;128;144m▀[38;2;112;104;136;48;2;0;0;16m▀[38;2;104;96;128;48;2;136;128;160m▀[0m
[38;2;96;96;120;48;2;48;56;80m▀[38;2;48;56;80;48;2;64;72;88m▀[38;2;24;32;56;48;2;24;32;56m▀[38;2;160;144;168;48;2;56;56;80m▀[38;2;232;224;224;48;2;128;112;136m▀[38;2;240;240;232;48;2;144;144;152m▀[38;2;216;216;216;48;2;224;224;224m▀[38;2;200;192;208;48;2;208;184;208m▀[38;2;224;224;232;48;2;168;152;184m▀[38;2;224;208;232;48;2;176;160;192m▀[38;2;224;208;232;48;2;176;168;200m▀[38;2;216;192;208;48;2;184;136;168m▀[38;2;224;160;184;48;2;255;192;208m▀[38;2;255;240;240;48;2;255;240;240m▀[38;2;255;240;240;48;2;255;232;232m▀[38;2;255;224;232;48;2;255;224;232m▀[38;2;255;224;232;48;2;255;224;232m▀[38;2;255;224;232;48;2;255;224;232m▀[38;2;255;224;232;48;2;255;224;232m▀[38;2;255;232;240;48;2;255;232;240m▀[38;2;240;216;224;48;2;200;192;208m▀[38;2;104;112;152;48;2;104;136;176m▀[38;2;160;160;200;48;2;176;160;200m▀[38;2;184;184;224;48;2;176;168;208m▀[38;2;112;136;184;48;2;112;128;176m▀[38;2;120;160;192;48;2;128;176;208m▀[38;2;232;208;216;48;2;184;184;200m▀[38;2;255;232;240;48;2;255;224;232m▀[38;2;255;224;232;48;2;255;224;232m▀[38;2;255;224;240;48;2;255;224;232m▀[38;2;255;224;232;48;2;255;224;232m▀[38;2;255;224;232;48;2;255;224;232m▀[38;2;255;224;232;48;2;255;224;232m▀[38;2;255;224;232;48;2;255;224;232m▀[38;2;208;168;184;48;2;192;168;192m▀[38;2;136;128;160;48;2;160;152;192m▀[38;2;192;176;208;48;2;176;160;200m▀[38;2;200;184;216;48;2;184;160;200m▀[38;2;255;255;255;48;2;168;160;184m▀[38;2;240;232;240;48;2;176;168;184m▀[38;2;48;48;72;48;2;168;160;176m▀[38;2;136;128;152;48;2;176;168;192m▀[0m
[38;2;32;40;64;48;2;32;40;64m▀[38;2;32;40;64;48;2;16;24;48m▀[38;2;24;32;56;48;2;16;24;48m▀[38;2;24;32;56;48;2;192;192;192m▀[38;2;184;184;192;48;2;255;255;255m▀[38;2;255;248;248;48;2;255;255;255m▀[38;2;224;208;224;48;2;248;240;248m▀[38;2;184;160;192;48;2;216;192;224m▀[38;2;176;160;192;48;2;192;176;208m▀[38;2;192;176;208;48;2;144;136;176m▀[38;2;200;184;224;48;2;176;160;192m▀[38;2;176;152;192;48;2;152;152;184m▀[38;2;240;192;208;48;2;168;152;176m▀[38;2;255;232;240;48;2;255;224;232m▀[38;2;255;224;232;48;2;255;224;232m▀[38;2;255;224;232;48;2;255;224;232m▀[38;2;255;224;232;48;2;255;224;232m▀[38;2;255;224;232;48;2;255;224;232m▀[38;2;255;224;240;48;2;255;224;224m▀[38;2;240;208;216;48;2;176;152;176m▀[38;2;144;168;200;48;2;136;144;184m▀[38;2;120;152;184;48;2;160;160;208m▀[38;2;160;152;200;48;2;168;168;208m▀[38;2;160;160;208;48;2;176;176;208m▀[38;2;136;144;184;48;2;176;168;208m▀[38;2;120;176;208;48;2;120;128;176m▀[38;2;120;144;176;48;2;112;120;176m▀[38;2;240;200;208;48;2;160;144;176m▀[38;2;255;224;232;48;2;248;208;216m▀[38;2;255;216;232;48;2;255;216;232m▀[38;2;255;224;232;48;2;255;216;224m▀[38;2;255;224;232;48;2;255;216;224m▀[38;2;255;232;240;48;2;255;216;224m▀[38;2;224;192;200;48;2;168;144;176m▀[38;2;136;128;160;48;2;128;128;176m▀[38;2;160;160;192;48;2;128;176;208m▀[38;2;152;152;192;48;2;128;192;224m▀[38;2;128;120;152;48;2;160;176;200m▀[38;2;168;160;176;48;2;216;208;208m▀[38;2;200;200;208;48;2;255;255;255m▀[38;2;104;104;128;48;2;208;208;208m▀[38;2;208;192;216;48;2;128;112;144m▀[0m
[38;2;16;24;56;48;2;200;200;200m▀[38;2;104;112;128;48;2;248;248;248m▀[38;2;160;160;168;48;2;240;240;240m▀[38;2;255;255;255;48;2;255;255;255m▀[38;2;255;255;255;48;2;248;240;248m▀[38;2;255;255;255;48;2;255;248;248m▀[38;2;255;248;248;48;2;255;255;248m▀[38;2;240;224;240;48;2;255;240;248m▀[38;2;192;176;208;48;2;224;208;224m▀[38;2;184;176;216;48;2;232;208;232m▀[38;2;192;176;216;48;2;200;184;224m▀[38;2;160;160;200;48;2;200;184;224m▀[38;2;120;168;208;48;2;152;176;208m▀[38;2;216;192;208;48;2;128;136;168m▀[38;2;255;224;232;48;2;224;184;200m▀[38;2;255;224;232;48;2;255;216;224m▀[38;2;255;224;232;48;2;255;208;224m▀[38;2;255;224;232;48;2;192;160;184m▀[38;2;192;160;184;48;2;184;176;208m▀[38;2;152;144;184;48;2;160;152;192m▀[38;2;184;176;216;48;2;176;176;208m▀[38;2;200;192;224;48;2;176;176;208m▀[38;2;200;192;224;48;2;192;184;224m▀[38;2;184;176;216;48;2;208;192;224m▀[38;2;160;160;200;48;2;208;192;224m▀[38;2;176;176;216;48;2;184;176;224m▀[38;2;176;168;208;48;2;168;160;208m▀[38;2;160;152;192;48;2;184;176;208m▀[38;2;160;144;176;48;2;192;184;224m▀[38;2;232;200;208;48;2;176;160;192m▀[38;2;255;216;224;48;2;208;168;192m▀[38;2;255;216;224;48;2;192;160;184m▀[38;2;200;168;184;48;2;176;168;208m▀[38;2;168;160;208;48;2;192;192;224m▀[38;2;184;176;224;48;2;192;184;224m▀[38;2;168;176;208;48;2;192;184;224m▀[38;2;168;184;216;48;2;216;200;232m▀[38;2;208;200;232;48;2;232;216;240m▀[38;2;208;200;224;48;2;216;208;240m▀[38;2;224;224;224;48;2;208;200;224m▀[38;2;255;255;255;48;2;248;248;248m▀[38;2;152;152;160;48;2;255;255;248m▀[0m
[38;2;255;255;255;48;2;240;232;240m▀[38;2;216;216;216;48;2;216;200;224m▀[38;2;240;232;240;48;2;248;224;240m▀[38;2;240;216;240;48;2;232;208;232m▀[38;2;248;232;240;48;2;248;240;240m▀[38;2;248;240;240;48;2;248;232;240m▀[38;2;255;255;255;48;2;255;248;248m▀[38;2;248;240;240;48;2;255;248;248m▀[38;2;240;224;240;48;2;255;240;248m▀[38;2;255;240;248;48;2;255;240;248m▀[38;2;224;208;232;48;2;255;240;248m▀[38;2;200;184;224;48;2;240;224;240m▀[38;2;200;176;216;48;2;224;208;232m▀[38;2;168;160;200;48;2;200;176;208m▀[38;2;176;152;192;48;2;208;192;224m▀[38;2;208;160;184;48;2;208;192;224m▀[38;2;192;160;184;48;2;216;200;232m▀[38;2;160;152;192;48;2;192;176;208m▀[38;2;208;200;232;48;2;208;192;224m▀[38;2;184;176;208;48;2;208;200;232m▀[38;2;176;168;208;48;2;160;160;192m▀[38;2;192;184;224;48;2;208;200;232m▀[38;2;192;184;216;48;2;232;216;240m▀[38;2;192;184;216;48;2;208;192;224m▀[38;2;192;184;224;48;2;192;184;216m▀[38;2;176;168;208;48;2;168;160;200m▀[38;2;176;168;208;48;2;192;184;224m▀[38;2;192;184;224;48;2;192;184;216m▀[38;2;192;176;216;48;2;224;208;232m▀[38;2;208;200;232;48;2;248;232;248m▀[38;2;192;184;216;48;2;248;232;248m▀[38;2;184;176;216;48;2;232;224;240m▀[38;2;192;192;224;48;2;224;216;232m▀[38;2;192;192;224;48;2;224;208;240m▀[38;2;200;192;224;48;2;232;224;240m▀[38;2;192;184;224;48;2;192;184;216m▀[38;2;208;200;232;48;2;200;192;224m▀[38;2;232;216;240;48;2;224;208;240m▀[38;2;240;224;240;48;2;232;216;240m▀[38;2;224;208;240;48;2;255;232;248m▀[38;2;232;224;240;48;2;232;216;240m▀[38;2;255;255;255;48;2;224;216;232m▀[0m
[38;2;208;192;224;48;2;184;176;208m▀[38;2;216;200;224;48;2;200;184;208m▀[38;2;232;208;232;48;2;232;208;240m▀[38;2;232;216;240;48;2;232;216;240m▀[38;2;255;255;248;48;2;248;240;248m▀[38;2;248;232;248;48;2;255;248;248m▀[38;2;255;232;248;48;2;248;232;240m▀[38;2;255;232;248;48;2;255;232;248m▀[38;2;255;240;248;48;2;255;232;248m▀[38;2;255;232;248;48;2;255;232;248m▀[38;2;255;232;248;48;2;255;232;248m▀[38;2;255;240;248;48;2;248;232;248m▀[38;2;255;248;255;48;2;255;240;248m▀[38;2;224;208;224;48;2;224;208;224m▀[38;2;224;208;240;48;2;232;216;240m▀[38;2;248;232;248;48;2;255;232;248m▀[38;2;255;240;248;48;2;255;240;248m▀[38;2;232;208;224;48;2;232;216;224m▀[38;2;232;216;232;48;2;240;224;240m▀[38;2;216;208;232;48;2;232;216;240m▀[38;2;184;176;208;48;2;224;216;240m▀[38;2;208;192;216;48;2;192;176;208m▀[38;2;232;208;240;48;2;240;216;240m▀[38;2;208;192;224;48;2;232;208;232m▀[38;2;200;184;216;48;2;216;200;224m▀[38;2;192;176;208;48;2;224;208;232m▀[38;2;224;208;232;48;2;240;216;240m▀[38;2;224;200;232;48;2;232;208;232m▀[38;2;248;232;240;48;2;248;232;248m▀[38;2;248;232;248;48;2;248;232;240m▀[38;2;248;232;248;48;2;248;232;240m▀[38;2;248;232;248;48;2;248;232;240m▀[38;2;248;232;248;48;2;240;224;240m▀[38;2;248;232;248;48;2;240;224;248m▀[38;2;248;232;248;48;2;240;224;248m▀[38;2;224;208;232;48;2;240;232;248m▀[38;2;192;184;216;48;2;192;184;216m▀[38;2;216;208;240;48;2;192;192;224m▀[38;2;224;208;240;48;2;216;200;240m▀[38;2;248;232;248;48;2;240;224;248m▀[38;2;224;216;240;48;2;216;208;232m▀[38;2;200;184;216;48;2;208;192;224m▀[0m
[38;2;176;184;208;48;2;192;200;216m▀[38;2;192;184;216;48;2;168;168;208m▀[38;2;224;216;240;48;2;232;224;248m▀[38;2;224;208;240;48;2;200;192;224m▀[38;2;232;224;240;48;2;224;208;232m▀[38;2;255;255;248;48;2;255;255;255m▀[38;2;240;224;240;48;2;240;224;240m▀[38;2;255;232;248;48;2;240;224;240m▀[38;2;255;232;248;48;2;255;240;248m▀[38;2;255;232;248;48;2;248;232;248m▀[38;2;255;232;240;48;2;255;232;240m▀[38;2;248;232;248;48;2;255;232;248m▀[38;2;255;232;248;48;2;248;232;240m▀[38;2;224;208;232;48;2;224;208;240m▀[38;2;240;224;248;48;2;240;224;248m▀[38;2;255;232;248;48;2;255;232;248m▀[38;2;255;240;248;48;2;255;240;248m▀[38;2;240;224;232;48;2;232;216;232m▀[38;2;248;232;240;48;2;255;232;248m▀[38;2;232;216;240;48;2;232;216;240m▀[38;2;255;240;248;48;2;248;224;240m▀[38;2;216;200;216;48;2;255;232;240m▀[38;2;208;192;216;48;2;192;176;208m▀[38;2;240;224;240;48;2;232;208;240m▀[38;2;240;216;240;48;2;224;208;232m▀[38;2;240;216;240;48;2;232;208;232m▀[38;2;224;208;224;48;2;208;200;216m▀[38;2;224;224;232;48;2;224;216;232m▀[38;2;232;232;248;48;2;232;216;232m▀[38;2;224;224;240;48;2;240;224;240m▀[38;2;240;224;240;48;2;224;224;240m▀[38;2;248;232;248;48;2;216;224;240m▀[38;2;240;224;240;48;2;240;224;248m▀[38;2;232;224;240;48;2;232;224;240m▀[38;2;232;224;240;48;2;232;216;240m▀[38;2;240;224;248;48;2;224;216;240m▀[38;2;216;208;232;48;2;232;224;248m▀[38;2;176;168;208;48;2;176;168;208m▀[38;2;208;200;232;48;2;184;176;224m▀[38;2;232;216;240;48;2;224;208;240m▀[38;2;208;200;232;48;2;192;192;232m▀[38;2;176;176;216;48;2;152;176;216m▀[0m
[38;2;168;184;208;48;2;128;168;208m▀[38;2;152;184;216;48;2;192;216;232m▀[38;2;208;208;240;48;2;208;208;240m▀[38;2;192;184;224;48;2;184;176;224m▀[38;2;224;208;240;48;2;224;216;240m▀[38;2;255;255;248;48;2;255;240;248m▀[38;2;240;232;240;48;2;248;232;240m▀[38;2;224;208;240;48;2;208;200;232m▀[38;2;248;232;248;48;2;232;224;248m▀[38;2;255;232;248;48;2;248;224;248m▀[38;2;255;232;248;48;2;255;232;248m▀[38;2;255;240;248;48;2;248;232;248m▀[38;2;232;216;232;48;2;224;208;232m▀[38;2;224;208;240;48;2;232;216;240m▀[38;2;232;224;248;48;2;232;216;240m▀[38;2;255;232;248;48;2;248;232;248m▀[38;2;248;232;240;48;2;240;224;240m▀[38;2;224;200;224;48;2;224;200;224m▀[38;2;255;232;248;48;2;248;232;248m▀[38;2;240;224;240;48;2;224;224;240m▀[38;2;232;224;240;48;2;232;232;248m▀[38;2;240;240;248;48;2;240;232;248m▀[38;2;208;200;216;48;2;216;216;232m▀[38;2;208;192;224;48;2;192;176;208m▀[38;2;224;208;232;48;2;224;208;232m▀[38;2;216;192;216;48;2;200;176;208m▀[38;2;176;160;184;48;2;152;144;184m▀[38;2;216;192;224;48;2;240;216;232m▀[38;2;224;200;224;48;2;224;208;224m▀[38;2;192;176;200;48;2;248;232;248m▀[38;2;200;176;208;48;2;208;184;216m▀[38;2;216;216;232;48;2;192;168;200m▀[38;2;208;216;240;48;2;192;192;216m▀[38;2;232;216;248;48;2;200;208;240m▀[38;2;224;216;240;48;2;216;208;248m▀[38;2;224;216;240;48;2;224;216;240m▀[38;2;224;216;240;48;2;216;208;240m▀[38;2;200;192;224;48;2;216;208;240m▀[38;2;160;160;200;48;2;176;168;208m▀[38;2;216;208;240;48;2;200;192;232m▀[38;2;208;208;240;48;2;208;208;240m▀[38;2;168;184;224;48;2;184;192;232m▀[0m
[38;2;144;176;208;48;2;128;168;216m▀[38;2;255;255;255;48;2;208;224;240m▀[38;2;192;200;240;48;2;176;184;224m▀[38;2;200;192;232;48;2;192;192;224m▀[38;2;224;216;248;48;2;224;208;240m▀[38;2;248;240;248;48;2;232;224;240m▀[38;2;255;248;255;48;2;255;248;248m▀[38;2;208;208;232;48;2;216;208;232m▀[38;2;224;216;248;48;2;200;200;232m▀[38;2;248;232;255;48;2;232;216;240m▀[38;2;248;232;248;48;2;240;224;240m▀[38;2;248;232;248;48;2;240;224;240m▀[38;2;248;224;248;48;2;240;224;240m▀[38;2;240;224;248;48;2;232;216;240m▀[38;2;240;224;248;48;2;232;216;240m▀[38;2;255;232;255;48;2;248;224;240m▀[38;2;248;224;248;48;2;216;216;240m▀[38;2;224;216;240;48;2;200;208;240m▀[38;2;224;232;255;48;2;224;208;224m▀[38;2;240;232;248;48;2;200;176;200m▀[38;2;224;208;224;48;2;216;184;208m▀[38;2;184;160;192;48;2;176;152;192m▀[38;2;184;168;208;48;2;208;184;224m▀[38;2;168;152;192;48;2;176;160;192m▀[38;2;216;200;232;48;2;192;176;208m▀[38;2;232;208;240;48;2;232;216;240m▀[38;2;160;152;192;48;2;176;168;208m▀[38;2;184;176;200;48;2;160;144;176m▀[38;2;248;224;240;48;2;240;176;200m▀[38;2;232;200;216;48;2;240;168;192m▀[38;2;255;240;248;48;2;224;192;208m▀[38;2;248;232;248;48;2;224;208;216m▀[38;2;224;208;224;48;2;216;176;200m▀[38;2;200;200;224;48;2;208;176;200m▀[38;2;192;208;240;48;2;200;192;216m▀[38;2;208;216;248;48;2;192;192;224m▀[38;2;208;208;248;48;2;192;200;232m▀[38;2;224;216;248;48;2;184;200;232m▀[38;2;208;200;232;48;2;208;208;240m▀[38;2;184;184;224;48;2;176;176;208m▀[38;2;208;208;248;48;2;192;192;232m▀[38;2;184;192;232;48;2;176;192;232m▀[0m
